# 1000 microtubules and no tubulin all aligned in the same ~direction
# Type GID LeftCoordX LeftCoordY LeftCoordZ RightCoordX RightCoordY RightCoordZ GroupID
C 0 0.1 6.5004845 0.16148007 6.2382864 7.5004845 0.16148007 6.2382864 0
C 1 0.1 6.3860884 9.5630127 0.62087983 7.3859748 9.5485425 0.62510632 0
C 2 0.1 -0.35262593 3.4529611 4.9001593 0.64737407 3.4529611 4.9001593 0
C 3 0.1 7.5419787 4.9900167 6.9742822 8.5401263 4.9301266 6.9635767 0
C 4 0.1 6.7748632 0.6319126 7.5271032 7.7748632 0.6319126 7.5271032 0
C 5 0.1 0.66389548 1.7640086 7.3328637 1.6638955 1.7640086 7.3328637 0
C 6 0.1 0.31903626 6.2096994 3.8956673 1.3190363 6.2096994 3.8956673 0
C 7 0.1 4.1330199 0.17965431 6.1589396 5.1330199 0.17965431 6.1589396 0
C 8 0.1 2.1395716 4.4440784 2.2766431 3.1395716 4.4440784 2.2766431 0
C 9 0.1 8.2545768 0.68312179 4.8920111 9.2545768 0.68312179 4.8920111 0
C 10 0.1 8.3157901 8.5309856 7.249309 9.3157901 8.5309856 7.249309 0
C 11 0.1 6.8633896 9.8217925 9.5002177 7.8633896 9.8217925 9.5002177 0
C 12 0.1 7.8117785 2.454507 1.8738035 8.8117785 2.454507 1.8738035 0
C 13 0.1 9.2497476 4.2801221 7.8712086 10.249748 4.2801221 7.8712086 0
C 14 0.1 1.3266422 8.8689931 3.6079403 2.3266422 8.8689931 3.6079403 0
C 15 0.1 9.0170827 9.4383275 0.39636497 10.017083 9.4383275 0.39636497 0
C 16 0.1 1.7551761 5.003362 7.4820795 2.7551761 5.003362 7.4820795 0
C 17 0.1 2.1752974 2.3833677 5.6547092 3.1752974 2.3833677 5.6547092 0
C 18 0.1 8.2595132 0.15383152 9.046796 9.2594864 0.16040352 9.0500269 0
C 19 0.1 0.96486505 7.0654725 2.2491423 1.9648651 7.0654725 2.2491423 0
C 20 0.1 3.823817 2.4547489 5.8407702 4.823817 2.4547489 5.8407702 0
C 21 0.1 7.141964 6.1929413 4.792995 8.1400381 6.1484581 4.8362298 0
C 22 0.1 6.6913124 4.85591 4.6033494 7.6913124 4.85591 4.6033494 0
C 23 0.1 2.9476387 5.7743224 4.6202018 3.947477 5.7916256 4.6250939 0
C 24 0.1 4.3661936 1.5448421 5.4822315 5.3661936 1.5448421 5.4822315 0
C 25 0.1 8.5971081 5.450671 8.5541507 9.597084 5.4458132 8.5591253 0
C 26 0.1 1.7917565 1.5464181 1.0901858 2.7917565 1.5464181 1.0901858 0
C 27 0.1 1.4598144 0.70202699 8.0201529 2.4569933 0.69158122 8.0944842 0
C 28 0.1 3.9853844 8.049015 2.2852777 4.9853844 8.049015 2.2852777 0
C 29 0.1 3.363792 4.0211367 4.0545127 4.363792 4.0211367 4.0545127 0
C 30 0.1 6.8523585 6.5716444 4.7650312 7.8523585 6.5716444 4.7650312 0
C 31 0.1 7.3923474 5.6916973 2.1042442 8.3923474 5.6916973 2.1042442 0
C 32 0.1 5.2175232 2.8865335 5.2323128 6.2175232 2.8865335 5.2323128 0
C 33 0.1 3.364559 3.8594689 4.5030901 4.364559 3.8594689 4.5030901 0
C 34 0.1 1.3548002 7.4322631 2.5769294 2.3548002 7.4322631 2.5769294 0
C 35 0.1 2.7227193 8.4872754 7.8406055 3.7227193 8.4872754 7.8406055 0
C 36 0.1 3.5788326 7.303607 3.0345738 4.5788326 7.303607 3.0345738 0
C 37 0.1 3.8962535 5.5646558 1.2914767 4.8962535 5.5646558 1.2914767 0
C 38 0.1 0.24170825 5.1786172 3.5730068 1.2417083 5.1786172 3.5730068 0
C 39 0.1 1.6811416 3.5305405 5.685034 2.6811416 3.5305405 5.685034 0
C 40 0.1 0.2189943 5.1726044 5.4560963 1.2189943 5.1726044 5.4560963 0
C 41 0.1 -0.075314796 4.1661718 3.4216765 0.9246852 4.1661718 3.4216765 0
C 42 0.1 0.22305466 1.7131641 5.594915 1.2229418 1.7264384 5.6019516 0
C 43 0.1 1.4708991 6.4919841 1.9776125 2.4708991 6.4919841 1.9776125 0
C 44 0.1 2.9966574 2.8396546 5.1644221 3.9966574 2.8396546 5.1644221 0
C 45 0.1 9.427031 3.5279983 7.6683647 10.427031 3.5279983 7.6683647 0
C 46 0.1 5.796644 9.1193192 4.2573921 6.796644 9.1193192 4.2573921 0
C 47 0.1 0.2703968 1.911359 1.8495881 1.2703968 1.911359 1.8495881 0
C 48 0.1 1.0501952 2.388253 2.1700173 2.0501952 2.388253 2.1700173 0
C 49 0.1 2.3672155 0.26162062 8.9095266 3.3672155 0.26162062 8.9095266 0
C 50 0.1 7.9702256 4.4339427 0.08225604 8.9702256 4.4339427 0.08225604 0
C 51 0.1 -0.38214449 4.4649292 0.54578567 0.61785551 4.4649292 0.54578567 0
C 52 0.1 -0.37144437 9.3286938 8.9779003 0.6275806 9.3671798 8.9995319 0
C 53 0.1 3.266147 4.5981517 2.1616179 4.266147 4.5981517 2.1616179 0
C 54 0.1 7.9808333 5.3171813 3.1242999 8.9808238 5.3131029 3.1257859 0
C 55 0.1 3.9508004 5.3969367 2.0753412 4.9508004 5.3969367 2.0753412 0
C 56 0.1 5.1970935 0.57572407 1.3431614 6.1970935 0.57572407 1.3431614 0
C 57 0.1 0.75835695 7.7438659 4.833352 1.7583569 7.7438659 4.833352 0
C 58 0.1 4.2656628 4.020815 9.7344792 5.2656628 4.020815 9.7344792 0
C 59 0.1 -0.031855671 4.0557071 7.8675439 0.96814433 4.0557071 7.8675439 0
C 60 0.1 2.4875282 5.7802404 1.2570416 3.4875282 5.7802404 1.2570416 0
C 61 0.1 7.69877 7.7747066 9.331592 8.6839897 7.6126001 9.3869413 0
C 62 0.1 1.8557079 8.7630199 5.381359 2.8557079 8.7630199 5.381359 0
C 63 0.1 2.3970964 6.5841554 3.71013 3.3956242 6.6232766 3.7477035 0
C 64 0.1 6.1092123 1.4456347 6.1064876 7.1091392 1.4493695 6.0949941 0
C 65 0.1 6.4226736 9.2687164 6.8221501 7.4226736 9.2687164 6.8221501 0
C 66 0.1 1.6542082 4.2397566 9.5495354 2.6542082 4.2397566 9.5495354 0
C 67 0.1 7.2938108 7.7804242 5.6512525 8.2938108 7.7804242 5.6512525 0
C 68 0.1 2.8207464 8.2948631 2.0960155 3.8207464 8.2948631 2.0960155 0
C 69 0.1 8.6453107 1.1770637 1.567649 9.6453107 1.1770637 1.567649 0
C 70 0.1 1.1845401 2.9183646 3.1936716 2.1845401 2.9183646 3.1936716 0
C 71 0.1 8.149657 7.276873 9.1666963 9.149657 7.276873 9.1666963 0
C 72 0.1 1.0715146 5.1633656 5.805939 2.0715146 5.1633656 5.805939 0
C 73 0.1 5.4792317 1.3121521 4.6878567 6.4792317 1.3121521 4.6878567 0
C 74 0.1 4.386223 4.0766891 3.2124707 5.386223 4.0766891 3.2124707 0
C 75 0.1 8.7433081 7.6280111 8.0406087 9.7432737 7.6304958 8.0326884 0
C 76 0.1 0.65576326 3.2115449 8.1587736 1.6557633 3.2115449 8.1587736 0
C 77 0.1 4.6540615 3.8054711 4.3866855 5.6539855 3.7984572 4.3765516 0
C 78 0.1 3.5548174 8.8773867 6.9405337 4.5548174 8.8773867 6.9405337 0
C 79 0.1 8.0888208 7.9307444 5.9794073 9.0888208 7.9307444 5.9794073 0
C 80 0.1 1.8222939 6.0948428 3.1997485 2.8222939 6.0948428 3.1997485 0
C 81 0.1 8.9961242 4.4576667 1.2076901 9.9961242 4.4576667 1.2076901 0
C 82 0.1 6.7197318 1.8104415 2.3680633 7.7197318 1.8104415 2.3680633 0
C 83 0.1 4.8066368 7.3380256 9.2416976 5.8066368 7.3380256 9.2416976 0
C 84 0.1 1.838691 0.72596937 7.8497808 2.8358699 0.7155236 7.9241121 0
C 85 0.1 1.8461576 8.290141 3.7768821 2.846157 8.2912528 3.7766399 0
C 86 0.1 8.9732741 4.2885654 5.4723346 9.973254 4.2896043 5.4785903 0
C 87 0.1 2.68501 9.5459358 7.9670093 3.68501 9.5459358 7.9670093 0
C 88 0.1 5.8640983 2.0476349 0.2716447 6.8640983 2.0476349 0.2716447 0
C 89 0.1 7.2780199 8.0563929 0.5091186 8.2780199 8.0563929 0.5091186 0
C 90 0.1 5.6225367 9.8034973 1.6508498 6.6110515 9.6783501 1.7355655 0
C 91 0.1 3.1848566 8.116497 3.5471222 4.1848566 8.116497 3.5471222 0
C 92 0.1 8.4941282 5.9293201 8.6843968 9.4941282 5.9293201 8.6843968 0
C 93 0.1 7.2090803 1.6683205 3.611586 8.2090803 1.6683205 3.611586 0
C 94 0.1 1.0017276 0.7819071 0.43421357 2.0017276 0.7819071 0.43421357 0
C 95 0.1 8.4789406 3.7552792 8.2581198 9.4786904 3.763228 8.2790241 0
C 96 0.1 0.30123597 3.3217016 5.6209665 1.2988104 3.3685231 5.6724745 0
C 97 0.1 2.0549861 5.5980147 8.75145 3.0549012 5.6091827 8.7447326 0
C 98 0.1 3.2136097 5.3972296 2.9000022 4.2136097 5.3972296 2.9000022 0
C 99 0.1 3.5259163 3.1738197 2.1595068 4.5259163 3.1738197 2.1595068 0
C 100 0.1 -0.11082172 1.6098411 5.7569056 0.88541973 1.6718008 5.8174363 0
C 101 0.1 1.1693485 4.8226727 1.7458063 2.1693485 4.8226727 1.7458063 0
C 102 0.1 6.1327836 9.4908491 1.6622439 7.1327806 9.4931893 1.6629697 0
C 103 0.1 1.0029487 4.996708 3.7239693 2.0029487 4.996708 3.7239693 0
C 104 0.1 0.72347303 5.8988759 5.0895823 1.723473 5.8988759 5.0895823 0
C 105 0.1 2.9568969 2.0491223 7.8624154 3.9568969 2.0491223 7.8624154 0
C 106 0.1 4.6075085 2.4632136 7.9208727 5.6075085 2.4632136 7.9208727 0
C 107 0.1 5.99472 0.82753415 0.023416155 6.99472 0.82753415 0.023416155 0
C 108 0.1 4.7567086 8.9777229 3.182457 5.7567086 8.9777229 3.182457 0
C 109 0.1 -0.053362853 5.2956429 9.8454328 0.94663715 5.2956429 9.8454328 0
C 110 0.1 2.2924387 0.16117445 4.0710932 3.2922719 0.15613195 4.0886449 0
C 111 0.1 5.5867183 6.8250929 0.9241574 6.5856817 6.8191125 0.96928386 0
C 112 0.1 -0.015799458 7.5886239 7.1282252 0.97887684 7.492892 7.1663625 0
C 113 0.1 4.5033726 9.803024 2.3000025 5.5033726 9.803024 2.3000025 0
C 114 0.1 4.4330107 8.0259311 2.9062376 5.4330107 8.0259311 2.9062376 0
C 115 0.1 -0.074549147 1.0365695 4.5909903 0.92545085 1.0365695 4.5909903 0
C 116 0.1 9.2793273 0.55609311 3.7459274 10.279327 0.55609311 3.7459274 0
C 117 0.1 4.400855 1.8716908 3.3466231 5.400855 1.8716908 3.3466231 0
C 118 0.1 6.633873 7.8240716 5.2711092 7.633873 7.8240716 5.2711092 0
C 119 0.1 1.3438372 9.0605844 5.2830373 2.3438372 9.0605844 5.2830373 0
C 120 0.1 6.6499233 2.0087765 2.8979429 7.6499233 2.0087765 2.8979429 0
C 121 0.1 5.8449799 1.1091017 1.0064091 6.8448969 1.1076441 1.0192075 0
C 122 0.1 4.7690827 9.4128378 4.6449509 5.7690827 9.4128378 4.6449509 0
C 123 0.1 7.3921866 5.4045862 1.9009343 8.3921866 5.4045862 1.9009343 0
C 124 0.1 0.16603524 8.5232987 5.4453175 1.1660352 8.5232987 5.4453175 0
C 125 0.1 2.1304079 3.674501 4.8203785 3.1304079 3.674501 4.8203785 0
C 126 0.1 4.0974799 8.1541762 9.3941963 5.0968042 8.1716161 9.4265478 0
C 127 0.1 7.3770666 6.9552133 5.2861851 8.3766764 6.9379293 5.3081282 0
C 128 0.1 1.425675 3.5335836 0.97977504 2.425675 3.5335836 0.97977504 0
C 129 0.1 8.1903524 0.68213502 6.5604686 9.1891404 0.65973489 6.6042961 0
C 130 0.1 8.8871482 1.3665332 1.8108092 9.8871482 1.3665332 1.8108092 0
C 131 0.1 3.4685772 6.3063911 9.7333502 4.4684842 6.3197915 9.7358805 0
C 132 0.1 1.7000261 3.9842358 0.30261539 2.7000261 3.9842358 0.30261539 0
C 133 0.1 2.914995 3.681097 3.8742122 3.9145634 3.6865009 3.8453351 0
C 134 0.1 3.08405 6.5543534 6.6951331 4.08405 6.5543534 6.6951331 0
C 135 0.1 5.3038229 4.3100562 7.3421793 6.3038229 4.3100562 7.3421793 0
C 136 0.1 5.8146728 9.6716435 5.4825235 6.8146728 9.6716435 5.4825235 0
C 137 0.1 4.5626886 2.9273185 6.3652495 5.5626886 2.9273185 6.3652495 0
C 138 0.1 4.4329161 2.7493989 5.5877582 5.4329161 2.7493989 5.5877582 0
C 139 0.1 3.1406473 4.435166 8.6161723 4.1406473 4.435166 8.6161723 0
C 140 0.1 2.8354456 0.247064 5.3684642 3.8354456 0.247064 5.3684642 0
C 141 0.1 8.3695965 8.0356487 9.2843308 9.3682588 7.9840917 9.2882789 0
C 142 0.1 7.3467355 5.2751265 5.3272795 8.3467355 5.2751265 5.3272795 0
C 143 0.1 2.2005076 5.4282394 8.8535676 3.2004227 5.4394074 8.8468502 0
C 144 0.1 0.81285534 4.1172565 8.6660909 1.8128553 4.1172565 8.6660909 0
C 145 0.1 7.9819748 9.9293739 2.9415155 8.9819748 9.9293739 2.9415155 0
C 146 0.1 7.9484565 8.6636117 4.0221281 8.9484565 8.6636117 4.0221281 0
C 147 0.1 8.1196944 7.3963537 7.8962041 9.1196917 7.3945096 7.8947711 0
C 148 0.1 5.3925226 2.2383886 4.7932565 6.3918004 2.2711204 4.7739553 0
C 149 0.1 1.6880322 3.6049048 9.1480851 2.6880322 3.6049048 9.1480851 0
C 150 0.1 7.0969375 6.0395239 3.6733374 8.0969375 6.0395239 3.6733374 0
C 151 0.1 0.43654713 9.277251 9.1952503 1.4335095 9.3004507 9.1209012 0
C 152 0.1 0.78600051 9.9150816 5.6958015 1.7860005 9.9150816 5.6958015 0
C 153 0.1 -0.005698974 1.0120941 0.16648351 0.99430103 1.0120941 0.16648351 0
C 154 0.1 1.1179741 9.8026838 1.326461 2.1179741 9.8026838 1.326461 0
C 155 0.1 7.8040385 4.7536391 3.9126467 8.8040385 4.7536391 3.9126467 0
C 156 0.1 2.3566281 9.3785239 6.2521037 3.3566281 9.3785239 6.2521037 0
C 157 0.1 6.0745585 7.1109588 9.8271832 7.0745585 7.1109588 9.8271832 0
C 158 0.1 -0.02690565 3.5896819 6.2519815 0.97309435 3.5896819 6.2519815 0
C 159 0.1 7.1582301 0.10849196 5.4822566 8.1579804 0.12165652 5.4642004 0
C 160 0.1 4.8277387 3.4571947 5.1290144 5.8277387 3.4571947 5.1290144 0
C 161 0.1 7.899115 8.9989868 8.9786102 8.899115 8.9989868 8.9786102 0
C 162 0.1 0.23852029 4.7011668 8.360302 1.2385203 4.7011668 8.360302 0
C 163 0.1 0.091256561 9.1255785 0.496894 1.0902911 9.1350105 0.53980018 0
C 164 0.1 2.774768 7.9612635 7.1000626 3.774768 7.9612635 7.1000626 0
C 165 0.1 7.2405435 1.6103023 5.585509 8.2405435 1.6103023 5.585509 0
C 166 0.1 7.1821918 2.9282651 1.6332126 8.1821918 2.9282651 1.6332126 0
C 167 0.1 3.6051334 5.2919093 6.2456184 4.6051334 5.2919093 6.2456184 0
C 168 0.1 7.2679539 8.1535741 2.8477356 8.2539207 8.0248429 2.9540267 0
C 169 0.1 8.8976977 7.3730861 0.040608351 9.8976977 7.3730861 0.040608351 0
C 170 0.1 0.70172835 4.8436098 5.5588979 1.7017283 4.8436098 5.5588979 0
C 171 0.1 4.150298 6.935308 0.66754211 5.1464458 6.8477325 0.67201614 0
C 172 0.1 7.6714385 3.4029053 1.1163561 8.6714385 3.4029053 1.1163561 0
C 173 0.1 0.86908662 5.1378728 2.5559307 1.8690635 5.1378382 2.5491246 0
C 174 0.1 4.9191834 6.900935 3.0094788 5.9191834 6.900935 3.0094788 0
C 175 0.1 3.939685 8.2785673 0.51154831 4.939685 8.2785673 0.51154831 0
C 176 0.1 2.711657 9.4043465 6.5665072 3.7082964 9.4160088 6.6475863 0
C 177 0.1 3.081289 3.5678502 5.9282656 4.0800509 3.6140783 5.9098908 0
C 178 0.1 3.6408264 6.6966637 5.5796166 4.6341899 6.7566245 5.6777676 0
C 179 0.1 6.5112467 1.385324 6.2920902 7.5111736 1.3890588 6.2805967 0
C 180 0.1 4.5681021 8.7162506 6.0851875 5.5681021 8.7162506 6.0851875 0
C 181 0.1 4.5368475 6.8055749 1.0714361 5.5358109 6.7995945 1.1165625 0
C 182 0.1 2.2400439 1.9103362 8.533946 3.2400439 1.9103362 8.533946 0
C 183 0.1 2.2554017 4.5875661 5.6964177 3.2554017 4.5875661 5.6964177 0
C 184 0.1 6.0650283 4.1507795 6.4199294 7.0649184 4.1392223 6.4106407 0
C 185 0.1 2.0953084 3.9232385 0.074645313 3.0953084 3.9232385 0.074645313 0
C 186 0.1 1.9681667 8.4857908 3.7347292 2.9659333 8.4893763 3.6680287 0
C 187 0.1 6.5992963 3.0268419 2.4319807 7.5992963 3.0268419 2.4319807 0
C 188 0.1 0.92786889 9.4868743 1.6287015 1.9275447 9.4645703 1.6164248 0
C 189 0.1 0.42504133 2.8848995 6.9330379 1.4171598 2.7748154 6.9928917 0
C 190 0.1 0.40073853 6.2473657 5.039138 1.3897493 6.1820455 5.1717688 0
C 191 0.1 5.8135647 4.2655307 9.8788937 6.8128352 4.2846072 9.845808 0
C 192 0.1 -0.033965336 1.2085532 5.0003072 0.96603151 1.2095638 4.9980067 0
C 193 0.1 1.4653968 5.2105957 9.163924 2.4653542 5.2196721 9.1655807 0
C 194 0.1 1.0932044 8.5050787 0.030534929 2.0932044 8.5050787 0.030534929 0
C 195 0.1 1.3869294 7.2414034 7.7827841 2.3869294 7.2414034 7.7827841 0
C 196 0.1 6.7222518 7.0887322 7.0299418 7.7222518 7.0887322 7.0299418 0
C 197 0.1 5.0217481 4.1932215 4.7067302 6.0217481 4.1932215 4.7067302 0
C 198 0.1 0.81150336 1.6808329 8.9611472 1.8115034 1.6808329 8.9611472 0
C 199 0.1 2.0339199 8.9453006 6.6460772 3.0339199 8.9453006 6.6460772 0
C 200 0.1 6.0063408 4.9802131 5.4495691 7.0045865 4.9771629 5.3904414 0
C 201 0.1 1.4211586 4.0379457 5.4942021 2.4211586 4.0379457 5.4942021 0
C 202 0.1 2.5919753 4.7211754 1.7343353 3.5919753 4.7211754 1.7343353 0
C 203 0.1 7.2456343 4.0953265 9.0559869 8.2456343 4.0953265 9.0559869 0
C 204 0.1 3.2213107 5.7781992 5.4831853 4.2213107 5.7781992 5.4831853 0
C 205 0.1 9.1776108 1.5279071 8.5393121 10.177611 1.5279071 8.5393121 0
C 206 0.1 2.2091586 6.1347553 4.2293414 3.2091586 6.1347553 4.2293414 0
C 207 0.1 5.5116562 4.3597395 9.7155011 6.5109266 4.3788178 9.6824124 0
C 208 0.1 8.8302162 9.4529191 3.5796676 9.8212819 9.5820268 3.5462 0
C 209 0.1 4.8159527 7.0047452 8.0237731 5.8159527 7.0047452 8.0237731 0
C 210 0.1 6.0490812 9.072843 9.480235 7.0490812 9.072843 9.480235 0
C 211 0.1 2.114858 1.302297 0.59103924 3.114858 1.302297 0.59103924 0
C 212 0.1 2.5132374 0.14853645 2.2971484 3.5132374 0.14853645 2.2971484 0
C 213 0.1 4.0298608 2.2353315 3.5321759 5.0298608 2.2353315 3.5321759 0
C 214 0.1 2.6287323 3.8249209 2.4358 3.6287323 3.8249209 2.4358 0
C 215 0.1 5.2156596 5.267627 6.3319483 6.2156596 5.267627 6.3319483 0
C 216 0.1 1.1479024 8.5793599 7.0433667 2.1479024 8.5793599 7.0433667 0
C 217 0.1 2.3416152 0.78792073 2.4267929 3.3408473 0.74874624 2.4259914 0
C 218 0.1 8.7624842 4.3211159 5.6683173 9.7624641 4.322155 5.6745731 0
C 219 0.1 2.637191 0.63547105 0.78369178 3.637191 0.63547105 0.78369178 0
C 220 0.1 3.8350581 8.9180931 4.6246797 4.8350581 8.9180931 4.6246797 0
C 221 0.1 3.2698667 3.3904918 5.9987621 4.2686286 3.4367199 5.9803874 0
C 222 0.1 6.5720314 8.7226513 1.0634464 7.5720314 8.7226513 1.0634464 0
C 223 0.1 8.2228076 8.8881876 3.8921751 9.2228076 8.8881876 3.8921751 0
C 224 0.1 4.8224568 0.53027152 3.78483 5.8218158 0.54088066 3.8190226 0
C 225 0.1 3.2250928 2.2456224 3.1340942 4.2208978 2.244198 3.2255838 0
C 226 0.1 0.61091395 0.34063684 2.3067286 1.6109139 0.34063684 2.3067286 0
C 227 0.1 8.6810612 6.600892 9.0504989 9.6810612 6.600892 9.0504989 0
C 228 0.1 1.7117804 8.8916887 1.9105027 2.7115799 8.9036149 1.9265908 0
C 229 0.1 4.7893895 9.1861321 0.61379164 5.7893895 9.1861321 0.61379164 0
C 230 0.1 2.5175304 7.3116392 5.7069788 3.5175304 7.3116392 5.7069788 0
C 231 0.1 9.0350496 4.5019871 0.92065116 10.03505 4.5019871 0.92065116 0
C 232 0.1 8.9126849 2.2359909 3.8173206 9.9126849 2.2359909 3.8173206 0
C 233 0.1 7.1676524 4.1969121 6.2067354 8.1641444 4.1132667 6.2093845 0
C 234 0.1 3.8830136 3.5171474 5.3163403 4.8830136 3.5171474 5.3163403 0
C 235 0.1 8.38889 0.514248 1.0591694 9.38889 0.514248 1.0591694 0
C 236 0.1 5.3463689 7.8935251 8.1830323 6.3448209 7.9392931 8.214635 0
C 237 0.1 6.0294668 3.8315831 5.7364609 7.0294668 3.8315831 5.7364609 0
C 238 0.1 6.2144111 7.5442825 9.3222634 7.2143201 7.5431846 9.33571 0
C 239 0.1 -0.38796314 4.3031889 5.2339729 0.61203686 4.3031889 5.2339729 0
C 240 0.1 -0.37493545 7.1842657 8.2500577 0.62506455 7.1842657 8.2500577 0
C 241 0.1 8.7179791 2.7540998 3.1429488 9.7179791 2.7540998 3.1429488 0
C 242 0.1 2.1347033 9.5589824 2.8134587 3.1347033 9.5589824 2.8134587 0
C 243 0.1 3.5340289 4.1392535 6.8712323 4.5340289 4.1392535 6.8712323 0
C 244 0.1 9.2738508 9.8236663 7.28782 10.273851 9.8236663 7.28782 0
C 245 0.1 2.6603744 8.6428763 0.40988681 3.6603744 8.6428763 0.40988681 0
C 246 0.1 8.9020426 8.4792601 6.5234566 9.9020426 8.4792601 6.5234566 0
C 247 0.1 6.3358578 1.8541752 7.5537843 7.3358578 1.8541752 7.5537843 0
C 248 0.1 7.7501537 5.4998246 9.1755189 8.7501537 5.4998246 9.1755189 0
C 249 0.1 3.700339 5.4764591 6.031001 4.700339 5.4764591 6.031001 0
C 250 0.1 -0.25781104 2.7045516 7.4148785 0.74218896 2.7045516 7.4148785 0
C 251 0.1 6.8223081 7.2507104 3.2924236 7.8223069 7.2520546 3.2916767 0
C 252 0.1 3.6105618 5.2753057 9.6359279 4.6105618 5.2753057 9.6359279 0
C 253 0.1 2.8868393 3.0771167 0.5042055 3.8868393 3.0771167 0.5042055 0
C 254 0.1 2.0097085 6.0152189 9.7277194 3.0097085 6.0152189 9.7277194 0
C 255 0.1 1.0566245 9.0888036 4.2201915 2.0556253 9.0443783 4.2250647 0
C 256 0.1 -0.23497187 5.1088568 7.1312793 0.76502813 5.1088568 7.1312793 0
C 257 0.1 4.1199501 2.2557768 9.270628 5.1199501 2.2557768 9.270628 0
C 258 0.1 1.7421423 2.5127559 9.2505079 2.7421423 2.5127559 9.2505079 0
C 259 0.1 3.7468419 3.4883943 6.3396586 4.7468419 3.4883943 6.3396586 0
C 260 0.1 9.1231294 2.3782835 5.9599857 10.123129 2.3782835 5.9599857 0
C 261 0.1 0.53347149 7.2004003 7.3816591 1.5334715 7.2004003 7.3816591 0
C 262 0.1 7.9627606 2.6648195 4.5790447 8.9627606 2.6648195 4.5790447 0
C 263 0.1 6.9230958 8.8770051 9.7197094 7.9151428 8.7568063 9.7570603 0
C 264 0.1 1.0235329 1.4148332 1.1323993 2.0235329 1.4148332 1.1323993 0
C 265 0.1 1.7911319 8.4990191 3.5466192 2.7888897 8.5040553 3.4798813 0
C 266 0.1 7.3159651 3.714866 3.6450866 8.3159651 3.714866 3.6450866 0
C 267 0.1 6.4881259 2.109734 7.7241643 7.4881259 2.109734 7.7241643 0
C 268 0.1 4.5282972 2.4305783 3.7943956 5.5272072 2.4000016 3.8296662 0
C 269 0.1 2.735772 9.5318036 1.5337694 3.735772 9.5318036 1.5337694 0
C 270 0.1 6.2802872 5.6215869 7.610932 7.2802872 5.6215869 7.610932 0
C 271 0.1 7.7810008 6.6645996 0.34879484 8.7804104 6.6824066 0.37817895 0
C 272 0.1 1.695273 8.4111709 1.0504951 2.695273 8.4111709 1.0504951 0
C 273 0.1 0.29377949 6.802135 8.6653819 1.2937795 6.802135 8.6653819 0
C 274 0.1 2.5625587 2.2583893 1.9244143 3.5625587 2.2583893 1.9244143 0
C 275 0.1 7.333887 7.3449985 5.676619 8.333887 7.3449985 5.676619 0
C 276 0.1 2.786015 3.8289857 7.0485363 3.786015 3.8289857 7.0485363 0
C 277 0.1 6.2413937 5.357064 1.0041663 7.2413937 5.357064 1.0041663 0
C 278 0.1 1.5163818 6.026103 2.2961814 2.5163818 6.026103 2.2961814 0
C 279 0.1 6.1534259 3.2741914 2.3849824 7.1534259 3.2741914 2.3849824 0
C 280 0.1 3.3618606 6.8041108 0.67424468 4.3580084 6.7165354 0.67871871 0
C 281 0.1 8.4466316 5.0397141 9.9091359 9.4429376 5.114108 9.8662408 0
C 282 0.1 5.0060538 4.5089304 8.2051663 6.0060538 4.5089304 8.2051663 0
C 283 0.1 8.4763603 3.9865067 2.4790181 9.4763603 3.9865067 2.4790181 0
C 284 0.1 3.910757 9.279337 6.2084678 4.910757 9.279337 6.2084678 0
C 285 0.1 3.4134166 7.32751 7.6740223 4.4134166 7.32751 7.6740223 0
C 286 0.1 4.8654524 6.0989208 7.6405339 5.8654524 6.0989208 7.6405339 0
C 287 0.1 3.7011576 1.5228309 1.8895939 4.7011576 1.5228309 1.8895939 0
C 288 0.1 -0.090478795 7.8828536 6.7993238 0.9095212 7.8828536 6.7993238 0
C 289 0.1 0.39409413 8.2609469 3.2449295 1.3940941 8.2609469 3.2449295 0
C 290 0.1 2.657167 6.23344 1.0414055 3.657167 6.23344 1.0414055 0
C 291 0.1 1.9013573 6.959339 2.9673057 2.9013573 6.959339 2.9673057 0
C 292 0.1 8.7150138 9.9145828 8.0696261 9.7150138 9.9145828 8.0696261 0
C 293 0.1 5.7443928 3.8892731 3.8667463 6.7443928 3.8892731 3.8667463 0
C 294 0.1 4.8942356 8.4150423 1.1322893 5.8942356 8.4150423 1.1322893 0
C 295 0.1 3.5773341 5.7536288 4.0613233 4.5773341 5.7536288 4.0613233 0
C 296 0.1 3.6459564 1.6105784 3.1928896 4.6459564 1.6105784 3.1928896 0
C 297 0.1 1.8772039 7.6035185 6.9172298 2.8772039 7.6035185 6.9172298 0
C 298 0.1 5.0871945 1.2725985 8.2971586 6.0871945 1.2725985 8.2971586 0
C 299 0.1 9.3059883 2.8413233 5.0097388 10.305988 2.8413233 5.0097388 0
C 300 0.1 5.3738543 3.7896534 7.5965657 6.3737633 3.7789992 7.5882848 0
C 301 0.1 7.9559516 3.9620662 5.1632797 8.9559516 3.9620662 5.1632797 0
C 302 0.1 2.9853522 7.6120447 9.3523641 3.9819967 7.6062938 9.2707156 0
C 303 0.1 0.7279701 8.5277914 7.3162256 1.7279701 8.5277914 7.3162256 0
C 304 0.1 -0.0048563413 6.4365466 2.0572765 0.99514366 6.4365466 2.0572765 0
C 305 0.1 0.9056053 3.0885169 9.2837096 1.9054697 3.0721136 9.2851309 0
C 306 0.1 4.5853178 7.7872315 6.6909543 5.5853178 7.7872315 6.6909543 0
C 307 0.1 2.4426863 6.0084024 6.5274546 3.4426834 6.006089 6.5268558 0
C 308 0.1 6.497172 9.5697427 9.2199478 7.497172 9.5697427 9.2199478 0
C 309 0.1 4.5898934 4.9274664 4.429308 5.5898934 4.9274664 4.429308 0
C 310 0.1 8.8228759 2.5419245 2.6279654 9.8228759 2.5419245 2.6279654 0
C 311 0.1 0.91490931 1.9904981 7.4376474 1.9149093 1.9904981 7.4376474 0
C 312 0.1 7.455976 0.52912532 9.6390398 8.455976 0.52912532 9.6390398 0
C 313 0.1 8.8373891 1.1385502 2.9131828 9.8373891 1.1385502 2.9131828 0
C 314 0.1 8.156269 6.7324451 5.2531736 9.156269 6.7324451 5.2531736 0
C 315 0.1 9.0193005 2.1561074 4.5776344 10.019301 2.1561074 4.5776344 0
C 316 0.1 4.9822172 7.2482385 8.584906 5.9822172 7.2482385 8.584906 0
C 317 0.1 3.5661445 0.8642656 7.3622922 4.5661445 0.8642656 7.3622922 0
C 318 0.1 4.4031916 1.0795074 0.96449834 5.4031916 1.0795074 0.96449834 0
C 319 0.1 7.5749704 6.1607362 0.70176796 8.5749704 6.1607362 0.70176796 0
C 320 0.1 9.0847965 5.0179319 4.4461994 10.084796 5.0179319 4.4461994 0
C 321 0.1 0.051626613 0.6883127 9.6278637 1.0516266 0.6883127 9.6278637 0
C 322 0.1 2.8250206 0.45489973 8.7303464 3.8234318 0.42971926 8.6799371 0
C 323 0.1 0.37910872 6.7173336 4.6305512 1.3775913 6.71834 4.5754926 0
C 324 0.1 1.6918663 9.5691105 5.4011517 2.6918663 9.5691105 5.4011517 0
C 325 0.1 1.4196318 3.2555925 5.5482403 2.4172062 3.302414 5.5997483 0
C 326 0.1 3.0098626 5.6920742 2.1685626 4.0098626 5.6920742 2.1685626 0
C 327 0.1 0.72938294 1.9226866 3.9718051 1.7293829 1.9226866 3.9718051 0
C 328 0.1 7.0768701 5.0472475 8.1225748 8.0768701 5.0472475 8.1225748 0
C 329 0.1 8.4051161 6.1747828 2.2028989 9.4051161 6.1747828 2.2028989 0
C 330 0.1 4.9075634 7.5822605 9.1275717 5.9075634 7.5822605 9.1275717 0
C 331 0.1 2.9515208 8.2758212 9.5483132 3.949368 8.2225676 9.5100365 0
C 332 0.1 1.6884261 6.0932332 3.9241483 2.6884261 6.0932332 3.9241483 0
C 333 0.1 6.6085185 8.1198246 9.3043189 7.6085185 8.1198246 9.3043189 0
C 334 0.1 7.5512728 0.5335529 0.6431703 8.5493546 0.56805594 0.69457184 0
C 335 0.1 2.6070368 9.48061 0.95630947 3.6070368 9.48061 0.95630947 0
C 336 0.1 0.19485941 0.23542842 3.0634335 1.194667 0.23543425 3.0438156 0
C 337 0.1 0.21105881 1.3060871 4.1435212 1.2110588 1.3060871 4.1435212 0
C 338 0.1 7.285955 5.441905 5.5745912 8.285955 5.441905 5.5745912 0
C 339 0.1 2.2625615 2.2438726 3.2464798 3.2583665 2.2424482 3.3379694 0
C 340 0.1 7.2843069 2.0787955 8.3147107 8.2843069 2.0787955 8.3147107 0
C 341 0.1 -0.33852037 5.2310949 5.0597288 0.66147963 5.2310949 5.0597288 0
C 342 0.1 6.7178879 5.9795801 7.6388862 7.7178879 5.9795801 7.6388862 0
C 343 0.1 1.6493904 5.9062099 7.1870461 2.6493904 5.9062099 7.1870461 0
C 344 0.1 2.8949521 4.4423451 0.22864033 3.8949521 4.4423451 0.22864033 0
C 345 0.1 9.1934463 0.92679958 7.5366016 10.193446 0.92679958 7.5366016 0
C 346 0.1 6.123306 4.3502142 3.7166228 7.123306 4.3502142 3.7166228 0
C 347 0.1 9.1336445 0.28275554 1.6956642 10.133645 0.28275554 1.6956642 0
C 348 0.1 4.3998096 7.2335312 5.6537068 5.3995182 7.2187718 5.6728072 0
C 349 0.1 1.400986 1.4998968 6.2721248 2.400986 1.4998968 6.2721248 0
C 350 0.1 2.2100255278 6.7097089 7.1581343 3.2100255278 6.7097089 7.1581343 0
C 357 0.1 3.1623736 4.8545308 6.1044898 4.1623736 4.8545308 6.1044898 0
C 358 0.1 0.61064375 6.0368199 0.73479739 1.6106438 6.0368199 0.73479739 0
C 359 0.1 1.2472769 6.686248 7.1447047 2.2472769 6.686248 7.1447047 0
C 360 0.1 7.8099854 3.8288674 7.6609676 8.8099854 3.8288674 7.6609676 0
C 361 0.1 6.4362137 6.2914889 9.5144808 7.4362137 6.2914889 9.5144808 0
C 362 0.1 5.8824725 7.0884611 5.9284454 6.8824725 7.0884611 5.9284454 0
C 363 0.1 3.2596467 5.9952955 7.5710675 4.2596467 5.9952955 7.5710675 0
C 364 0.1 0.43232513 9.3226617 1.5383152 1.432001 9.3003577 1.5260386 0
C 365 0.1 1.1798853 7.9552392 3.7690359 2.1798853 7.9552392 3.7690359 0
C 366 0.1 0.25662261 9.103005 5.6034065 1.2566226 9.103005 5.6034065 0
C 367 0.1 6.133388 4.5777627 0.92218075 7.1330389 4.6013604 0.93406567 0
C 368 0.1 3.5896126 0.13181176 3.4777797 4.5896126 0.13181176 3.4777797 0
C 369 0.1 8.8235406 4.9505526 10.05577 9.8203453 4.9685131 9.9779375 0
C 370 0.1 7.2704722 0.23382269 2.6604645 8.2704722 0.23382269 2.6604645 0
C 371 0.1 -0.2435092 3.5055718 7.0027931 0.7564908 3.5055718 7.0027931 0
C 372 0.1 4.3880054 8.2264702 7.3559081 5.3880054 8.2264702 7.3559081 0
C 373 0.1 5.5263475 7.826214 4.9492309 6.5263475 7.826214 4.9492309 0
C 374 0.1 7.4448146 5.565907 6.804506 8.4432139 5.6210626 6.791987 0
C 375 0.1 4.6354603 7.3523773 5.499906 5.635169 7.3376179 5.5190064 0
C 376 0.1 8.2279133 5.8007652 8.2629574 9.2279133 5.8007652 8.2629574 0
C 377 0.1 6.5322515 4.3620829 6.5698254 7.5322515 4.3620829 6.5698254 0
C 378 0.1 0.23925002 8.2856358 2.7970754 1.23925 8.2856358 2.7970754 0
C 379 0.1 5.1995288 2.4044698 4.6953224 6.1988066 2.4372016 4.6760213 0
C 380 0.1 8.7187959 3.0595792 2.65658 9.7118429 3.016059 2.5472016 0
C 381 0.1 7.838343 9.1046328 1.6067155 8.838343 9.1046328 1.6067155 0
C 382 0.1 2.668584 1.8810043 6.51064 3.668584 1.8810043 6.51064 0
C 383 0.1 1.4325335 0.97044826 8.6018884 2.4325335 0.97044826 8.6018884 0
C 384 0.1 2.3859597 0.00089962501 6.0643279 3.3859597 0.00089962501 6.0643279 0
C 385 0.1 -0.31143305 2.789514 6.9848999 0.6806854 2.6794299 7.0447537 0
C 386 0.1 1.3426645 4.9122736 5.777848 2.3426645 4.9122736 5.777848 0
C 387 0.1 2.3334338 3.5599354 6.8942956 3.3334338 3.5599354 6.8942956 0
C 388 0.1 7.6913941 1.7379878 1.6410971 8.6913941 1.7379878 1.6410971 0
C 389 0.1 4.3112493 9.1054541 5.1559159 5.3112493 9.1054541 5.1559159 0
C 390 0.1 4.4585499 8.67042 1.026043 5.4585499 8.67042 1.026043 0
C 391 0.1 1.738751 1.039582 9.2323502 2.738751 1.039582 9.2323502 0
C 392 0.1 1.6747791 6.2986079 2.4955649 2.6745655 6.2781765 2.4986759 0
C 393 0.1 1.8435126 7.3675606 9.4092256 2.8435126 7.3675606 9.4092256 0
C 394 0.1 8.3257934 6.0669922 9.8149942 9.3257934 6.0669922 9.8149942 0
C 395 0.1 3.4156829 6.8806576 2.5639095 4.4156829 6.8806576 2.5639095 0
C 396 0.1 5.9754187 4.0471631 6.1593796 6.9648668 4.1552399 6.0628819 0
C 397 0.1 2.0520598 8.1328966 9.5790357 3.0502472 8.074567 9.5938539 0
C 398 0.1 5.7264001 8.8451257 6.7458731 6.7244821 8.9056608 6.7588278 0
C 399 0.1 3.2091487 6.4674881 0.72955536 4.2091487 6.4674881 0.72955536 0
C 400 0.1 5.2445936 9.1360287 4.7487863 6.244586 9.1360726 4.7449018 0
C 401 0.1 3.2855211 9.62612 9.0338654 4.2855211 9.62612 9.0338654 0
C 402 0.1 2.6543004 5.3084475 3.3195883 3.6543004 5.3084475 3.3195883 0
C 403 0.1 3.2770925 0.9603026 0.67311131 4.2770925 0.9603026 0.67311131 0
C 404 0.1 5.2985296 3.5672946 4.4316565 6.2985296 3.5672946 4.4316565 0
C 405 0.1 2.253048 8.3013203 4.2317939 3.253048 8.3013203 4.2317939 0
C 406 0.1 8.3511182 9.5858525 3.5452083 9.3421838 9.7149604 3.5117407 0
C 407 0.1 4.5079842 9.5297403 5.4494614 5.5079842 9.5297403 5.4494614 0
C 408 0.1 0.036908028 8.8847636 5.9797025 1.036908 8.8847636 5.9797025 0
C 409 0.1 5.5190943 5.483548 1.2701287 6.5190943 5.483548 1.2701287 0
C 410 0.1 5.8704163 6.2267257 5.8231202 6.8600605 6.3178822 5.9340026 0
C 411 0.1 3.8621227 9.856469 3.4559377 4.8621227 9.856469 3.4559377 0
C 412 0.1 5.1361871 2.8323363 1.0126163 6.1361871 2.8323363 1.0126163 0
C 413 0.1 8.6268606 1.4967896 2.1142304 9.6268606 1.4967896 2.1142304 0
C 414 0.1 8.2181487 8.5194852 3.0417077 9.2181487 8.5194852 3.0417077 0
C 415 0.1 4.3175719 5.4935056 7.2096894 5.3173545 5.4888458 7.2300136 0
C 416 0.1 7.5644058 2.4590413 2.7840472 8.5644058 2.4590413 2.7840472 0
C 417 0.1 5.8543772 9.9197108 6.8231368 6.8534967 9.8781207 6.8176333 0
C 418 0.1 2.014288 5.9506568 4.6700567 3.0141263 5.96796 4.6749488 0
C 419 0.1 1.1520038 1.8575952 0.39095652 2.1520038 1.8575952 0.39095652 0
C 420 0.1 3.1412543 9.4214951 1.7982628 4.1412543 9.4214951 1.7982628 0
C 421 0.1 1.0504531 3.0377177 9.5611255 2.0504531 3.0377177 9.5611255 0
C 422 0.1 6.0256446 9.3419005 4.5377495 7.0256446 9.3419005 4.5377495 0
C 423 0.1 5.3115697 6.0468613 9.0203354 6.3115697 6.0468613 9.0203354 0
C 424 0.1 5.1680132 3.7359819 3.4843336 6.1680132 3.7359819 3.4843336 0
C 425 0.1 5.1627074 9.1398206 5.1013912 6.1627074 9.1398206 5.1013912 0
C 426 0.1 4.521135 9.6475352 6.6018445 5.521135 9.6475352 6.6018445 0
C 427 0.1 7.9112775 5.6279274 0.34037731 8.9112775 5.6279274 0.34037731 0
C 428 0.1 7.3612939 6.0741188 4.3047421 8.3612939 6.0741188 4.3047421 0
C 429 0.1 6.8491894 8.2185413 2.7004421 7.8446365 8.2526948 2.6114556 0
C 430 0.1 3.4760816 8.2636529 9.7417884 4.4733788 8.2541978 9.6689259 0
C 431 0.1 0.12117451 9.3939468 6.6708761 1.1211745 9.3939468 6.6708761 0
C 432 0.1 1.4021698 2.1934005 8.1582354 2.4020758 2.2062919 8.1629051 0
C 433 0.1 5.2529824 9.967269 7.6606859 6.2529824 9.967269 7.6606859 0
C 434 0.1 6.3292439 5.5001931 3.3003828 7.3292439 5.5001931 3.3003828 0
C 435 0.1 0.55457414 0.012893933 0.37706228 1.5545741 0.012893933 0.37706228 0
C 436 0.1 3.4177812 3.6851137 8.4782533 4.4177812 3.6851137 8.4782533 0
C 437 0.1 0.51252381 7.8720409 6.2106265 1.5125238 7.8720409 6.2106265 0
C 438 0.1 1.1232379 3.0697549 6.1858959 2.1232379 3.0697549 6.1858959 0
C 439 0.1 1.0811425 2.4660966 3.5914504 2.0811425 2.4660966 3.5914504 0
C 440 0.1 1.0011075 6.7376566 9.8958546 2.0007818 6.737438 9.9213738 0
C 441 0.1 4.3125876 7.4547885 6.7360665 5.3125876 7.4547885 6.7360665 0
C 442 0.1 3.2023827 7.0148792 6.4473241 4.2023827 7.0148792 6.4473241 0
C 443 0.1 7.7685629 8.2777253 2.8302285 8.7591801 8.1412186 2.8368312 0
C 444 0.1 6.1937631 8.7728504 9.7520747 7.18581 8.6526516 9.7894256 0
C 445 0.1 2.78633 0.85076057 9.6613084 3.78633 0.85076057 9.6613084 0
C 446 0.1 7.1516427 9.5619791 2.7318301 8.1516427 9.5619791 2.7318301 0
C 447 0.1 5.9352281 5.7155179 0.65472702 6.9352281 5.7155179 0.65472702 0
C 448 0.1 8.8033048 7.1718727 7.2827244 9.8033048 7.1718727 7.2827244 0
C 449 0.1 4.0951982 8.3488821 4.0656896 5.0951982 8.3488821 4.0656896 0
C 450 0.1 9.1937524 9.504655 8.4100746 10.193752 9.504655 8.4100746 0
C 451 0.1 8.6742633 1.116431 9.9421766 9.6742633 1.116431 9.9421766 0
C 452 0.1 -0.11273147 8.7640609 4.6077141 0.88726853 8.7640609 4.6077141 0
C 453 0.1 -0.14832246 2.9129991 9.298917 0.85154199 2.8965958 9.3003382 0
C 454 0.1 4.1937813 6.120407 8.6820393 5.1937813 6.120407 8.6820393 0
C 455 0.1 5.3503669 6.3347423 5.9638734 6.3458282 6.408366 6.0241759 0
C 456 0.1 5.9211166 0.60734157 9.7346003 6.9197385 0.60265262 9.6823296 0
C 457 0.1 7.3879397 5.1316822 3.191887 8.3879303 5.1276038 3.193373 0
C 458 0.1 1.3459139 9.3278091 8.1620228 2.3459139 9.3278091 8.1620228 0
C 459 0.1 9.3316565 7.1726365 3.1228794 10.331657 7.1726365 3.1228794 0
C 460 0.1 8.0887933 5.4061312 6.8407712 9.0871925 5.4612868 6.8282522 0
C 461 0.1 -0.31603101 6.2053596 5.1244302 0.67297976 6.1400394 5.2570611 0
C 462 0.1 7.6698169 6.1008814 6.9885894 8.6698169 6.1008814 6.9885894 0
C 463 0.1 1.6069063 9.6754816 0.77561148 2.6069063 9.6754816 0.77561148 0
C 464 0.1 6.8157602 3.4650899 1.8932866 7.8157602 3.4650899 1.8932866 0
C 465 0.1 2.345281 7.6376018 2.766049 3.345281 7.6376018 2.766049 0
C 466 0.1 5.0842375 0.59337712 9.5789298 6.0828595 0.58868816 9.5266592 0
C 467 0.1 2.6941081 0.97421322 2.4306044 3.6933401 0.93503872 2.4298029 0
C 468 0.1 8.2048551 4.6672759 1.114449 9.2048551 4.6672759 1.114449 0
C 469 0.1 8.8958873 6.6331117 3.187524 9.8958873 6.6331117 3.187524 0
C 470 0.1 0.70748487 9.5385222 2.1980548 1.7074849 9.5385222 2.1980548 0
C 471 0.1 4.0228647 3.4207735 9.3325249 5.0172124 3.3699486 9.4257426 0
C 472 0.1 -0.35637446 9.5409889 6.8588181 0.64362554 9.5409889 6.8588181 0
C 473 0.1 5.1319581 7.5454832 2.4789109 6.1319581 7.5454832 2.4789109 0
C 474 0.1 3.1510843 2.7412812 8.512076 4.1510843 2.7412812 8.512076 0
C 475 0.1 5.269491 0.6274135 1.7996494 6.269491 0.6274135 1.7996494 0
C 476 0.1 9.2250525 5.6522332 1.0465874 10.225053 5.6522332 1.0465874 0
C 477 0.1 0.55448533 5.4851056 9.2703142 1.5544853 5.4851056 9.2703142 0
C 478 0.1 1.3640256 9.2910853 1.8041234 2.3640256 9.2910853 1.8041234 0
C 479 0.1 9.1516904 7.4009524 2.7385937 10.15169 7.4009524 2.7385937 0
C 480 0.1 -0.26602143 4.4690768 6.9526134 0.73397857 4.4690768 6.9526134 0
C 481 0.1 7.9096537 9.0394157 3.5908303 8.9096537 9.0394157 3.5908303 0
C 482 0.1 7.171021 7.877253 4.1953211 8.171021 7.877253 4.1953211 0
C 483 0.1 0.35842281 4.5498142 7.4479781 1.3582296 4.5317795 7.4557968 0
C 484 0.1 9.2915591 7.6598746 7.7319054 10.291559 7.6598746 7.7319054 0
C 485 0.1 1.2577662 0.31268925 2.8703451 2.2577662 0.31258923 2.8705867 0
C 486 0.1 5.2780872 5.1713189 0.60969466 6.2780639 5.1663471 0.6050067 0
C 487 0.1 2.5354779 9.4969913 3.663037 3.5354779 9.4969913 3.663037 0
C 488 0.1 3.9093101 7.853012 7.949464 4.9093101 7.853012 7.949464 0
C 489 0.1 3.6248157 9.5571897 5.9063453 4.6153062 9.6338191 5.7920801 0
C 490 0.1 3.5757974 7.613676 9.5046033 4.5730079 7.6217045 9.4303951 0
C 491 0.1 0.53406995 0.91277011 5.3673151 1.5100618 1.1215525 5.305269 0
C 492 0.1 8.693435 6.1268091 1.4677527 9.693435 6.1268091 1.4677527 0
C 493 0.1 7.531816 6.7638747 0.51261305 8.5312255 6.7816817 0.54199717 0
C 494 0.1 1.0486003 1.1490661 0.55870604 2.0486003 1.1490661 0.55870604 0
C 495 0.1 7.1822337 6.021978 5.5388452 8.1822337 6.021978 5.5388452 0
C 496 0.1 6.224406 7.4396952 1.4628903 7.224406 7.4396952 1.4628903 0
C 497 0.1 3.0785676 7.4488527 8.1883687 4.0785676 7.4488527 8.1883687 0
C 498 0.1 1.8782555 4.450068 4.6033273 2.8774937 4.4110623 4.6020713 0
C 499 0.1 5.8992521 3.8477001 3.1332704 6.8992521 3.8477001 3.1332704 0
C 500 0.1 3.0567269 3.2512936 5.7015396 4.0567269 3.2512936 5.7015396 0
C 501 0.1 4.7964979 7.8561975 2.1573292 5.7964979 7.8561975 2.1573292 0
C 502 0.1 5.0929514 4.6110071 0.42574806 6.0929513 4.6111901 0.42612059 0
C 503 0.1 3.3947388 9.8798346 4.8907057 4.3947388 9.8798346 4.8907057 0
C 504 0.1 3.5665541 3.6684278 4.1149787 4.5652999 3.652046 4.0676652 0
C 505 0.1 0.18435569 9.3122347 4.3526322 1.1842013 9.3213504 4.3676566 0
C 506 0.1 0.47977418 5.4982006 0.30268676 1.4797742 5.4982006 0.30268676 0
C 507 0.1 1.4100775 4.8597219 6.9982742 2.4100775 4.8597219 6.9982742 0
C 508 0.1 3.2468707 5.2050833 7.5216481 4.2468707 5.2050833 7.5216481 0
C 509 0.1 6.104419 9.9440202 1.6134552 7.0890829 9.7797586 1.6722363 0
C 510 0.1 5.625937 9.1772137 2.1377931 6.625937 9.1772137 2.1377931 0
C 511 0.1 7.0340319 9.5234091 4.85431 8.0340319 9.5234091 4.85431 0
C 512 0.1 7.1820237 2.9181134 2.1191841 8.1820237 2.9181134 2.1191841 0
C 513 0.1 5.9954738 0.27931338 8.9122021 6.9954738 0.27931338 8.9122021 0
C 514 0.1 8.3137921 5.0784685 7.3990198 9.3137921 5.0784685 7.3990198 0
C 515 0.1 3.9726526 7.8998903 3.7082205 4.9726526 7.8998903 3.7082205 0
C 516 0.1 8.0712604 5.9148415 6.8246137 9.0712604 5.9148415 6.8246137 0
C 517 0.1 4.0875962 0.45264384 7.5791884 5.0875962 0.45264384 7.5791884 0
C 518 0.1 3.0886168 6.6941828 5.11852 4.0886168 6.6941828 5.11852 0
C 519 0.1 7.6908326 8.1032317 6.3299145 8.6908326 8.1032317 6.3299145 0
C 520 0.1 9.1742725 7.2154505 7.7874596 10.174273 7.2154505 7.7874596 0
C 521 0.1 6.3234185 3.9848873 6.3010459 7.315708 3.9858378 6.1771075 0
C 522 0.1 -0.40033498 2.7250582 1.5977302 0.59966502 2.7250582 1.5977302 0
C 523 0.1 8.3788811 0.45048272 0.51941495 9.376963 0.48498576 0.57081649 0
C 524 0.1 2.2648094 1.776447 1.5732299 3.2648094 1.776447 1.5732299 0
C 525 0.1 3.1296284 2.383394 4.7036407 4.1296284 2.383394 4.7036407 0
C 526 0.1 4.4432791 6.64014 5.487092 5.4366426 6.7001009 5.585243 0
C 527 0.1 2.5438787 4.6246532 5.0271562 3.5438787 4.6246532 5.0271562 0
C 528 0.1 7.012852 8.3969744 9.9572958 8.012852 8.3969744 9.9572958 0
C 529 0.1 0.17183813 9.9467025 8.6158323 1.1718381 9.9467025 8.6158323 0
C 530 0.1 7.6766459 7.7522234 8.2427633 8.6766459 7.7522234 8.2427633 0
C 531 0.1 9.2552799 9.1735383 7.7550019 10.25528 9.1735383 7.7550019 0
C 532 0.1 7.7853504 9.8549295 2.0143545 8.7853504 9.8549295 2.0143545 0
C 533 0.1 0.50610991 5.0480527 9.5951273 1.5060979 5.0504778 9.5908578 0
C 534 0.1 6.4409809 5.2491262 4.3669712 7.4409809 5.2491262 4.3669712 0
C 535 0.1 5.8686298 0.63351696 0.72653159 6.8686298 0.63351696 0.72653159 0
C 536 0.1 4.2750335 0.13722606 1.314186 5.2750335 0.13722606 1.314186 0
C 537 0.1 9.1955837 8.7765544 9.2995296 10.195584 8.7765544 9.2995296 0
C 538 0.1 6.8983365 3.0438145 8.5706278 7.8956396 3.0772085 8.5052709 0
C 539 0.1 8.2849219 5.9301229 6.3317631 9.2849219 5.9301229 6.3317631 0
C 540 0.1 2.6708198 6.4504208 3.5816866 3.6693476 6.4895421 3.6192601 0
C 541 0.1 -0.027911237 1.0320874 5.2715605 0.96293691 1.134323 5.1834252 0
C 542 0.1 8.3420312 4.463148 7.0781152 9.3420147 4.4574169 7.0776741 0
C 543 0.1 7.5467513 7.076858 3.3890211 8.5467501 7.0782022 3.3882742 0
C 544 0.1 4.0387835 4.7463773 8.2608303 5.0387835 4.7463773 8.2608303 0
C 545 0.1 4.8867019 4.94983 2.8167576 5.8867019 4.94983 2.8167576 0
C 546 0.1 6.568987 2.6983285 8.5873508 7.568987 2.6983285 8.5873508 0
C 547 0.1 0.67979418 1.5109346 5.668138 1.6756566 1.5837954 5.7224453 0
C 548 0.1 -0.48767579 7.4472457 7.1845468 0.50700051 7.3515137 7.222684 0
C 549 0.1 2.6425103 7.5664109 1.0144155 3.6425103 7.5664109 1.0144155 0
C 550 0.1 4.1109151 3.7410206 7.0495078 5.1109151 3.7410206 7.0495078 0
C 551 0.1 4.332865 5.3717454 3.9456359 5.332865 5.3717454 3.9456359 0
C 552 0.1 9.4821122 4.9948562 6.3939188 10.482112 4.9948562 6.3939188 0
C 553 0.1 0.17015284 4.4110505 3.7412284 1.1701528 4.4110505 3.7412284 0
C 554 0.1 6.1911787 1.8502607 1.8947063 7.1911787 1.8502607 1.8947063 0
C 555 0.1 0.93323579 3.2635221 2.1433918 1.9332358 3.2635221 2.1433918 0
C 556 0.1 7.9571733 0.33133248 9.1340586 8.9571465 0.33790448 9.1372895 0
C 557 0.1 0.94896181 8.690169 2.9486095 1.9489618 8.690169 2.9486095 0
C 558 0.1 2.0842542 2.3648246 8.9684472 3.0842542 2.3648246 8.9684472 0
C 559 0.1 8.7425869 3.0220205 3.3167259 9.7425869 3.0220205 3.3167259 0
C 560 0.1 0.14272382 9.9835341 6.1148618 1.1427238 9.9835341 6.1148618 0
C 561 0.1 6.1389018 6.0939505 4.8892076 7.1369759 6.0494673 4.9324425 0
C 562 0.1 6.9831668 7.2827845 7.8079593 7.9831641 7.2809403 7.8065264 0
C 563 0.1 4.3060102 9.9194284 9.354141 5.3060102 9.9194284 9.354141 0
C 564 0.1 4.337721 4.6990254 0.60498956 5.3377209 4.6992083 0.6053621 0
C 565 0.1 5.3997033 7.0628849 4.1574115 6.3997033 7.0628849 4.1574115 0
C 566 0.1 4.4432032 6.1866388 2.4958171 5.4432032 6.1866388 2.4958171 0
C 567 0.1 1.7411103 7.1793208 9.1173468 2.7411103 7.1793208 9.1173468 0
C 568 0.1 2.3442092 9.8542795 7.0658459 3.3442092 9.8542795 7.0658459 0
C 569 0.1 7.4182193 4.1501803 3.3099341 8.4182193 4.1501803 3.3099341 0
C 570 0.1 1.0257718 6.5424896 3.4388181 2.0257718 6.5424896 3.4388181 0
C 571 0.1 7.2608589 7.8988091 7.3378687 8.2608589 7.8988091 7.3378687 0
C 572 0.1 9.0604108 4.9333756 6.6468905 10.060411 4.9333756 6.6468905 0
C 573 0.1 8.1687148 3.0092293 2.5300366 9.1617618 2.9657091 2.4206583 0
C 574 0.1 1.4106411 4.7089722 7.3789771 2.4104479 4.6909375 7.3867958 0
C 575 0.1 5.2080882 5.0261484 0.4728142 6.2080648 5.0211765 0.46812624 0
C 576 0.1 6.5770744 3.9851637 8.5119322 7.5769394 3.9823031 8.5281138 0
C 577 0.1 1.4781801 1.7685465 6.6558963 2.4778177 1.7805329 6.6317933 0
C 578 0.1 3.8717837 2.5111829 8.6063125 4.8717837 2.5111829 8.6063125 0
C 579 0.1 2.4960535 6.8236619 0.43189851 3.4960535 6.8236619 0.43189851 0
C 580 0.1 7.7786587 7.5830737 7.6027116 8.7786587 7.5830737 7.6027116 0
C 581 0.1 9.3425043 9.399929 8.1652434 10.342504 9.399929 8.1652434 0
C 582 0.1 1.3735944 5.8290164 6.4810191 2.3735916 5.826703 6.4804203 0
C 583 0.1 9.3421176 3.9055855 1.6064811 10.342118 3.9055855 1.6064811 0
C 584 0.1 9.3485455 7.9385149 6.1765454 10.348545 7.9385149 6.1765454 0
C 585 0.1 6.1115185 3.1087139 8.4436106 7.1088215 3.1421079 8.3782537 0
C 586 0.1 4.2464864 8.4993691 2.3125728 5.2464864 8.4993691 2.3125728 0
C 587 0.1 4.0170016 6.1171953 9.6976266 5.0169087 6.1305957 9.7001568 0
C 588 0.1 7.0684386 2.6881682 3.6137914 8.0684386 2.6881682 3.6137914 0
C 589 0.1 2.6894505 0.2144065 3.8858062 3.6892838 0.20936399 3.9033579 0
C 590 0.1 0.66361529 3.2135311 4.6058445 1.6607518 3.2883417 4.5947895 0
C 591 0.1 5.3645596 0.767517 1.1295441 6.3645596 0.767517 1.1295441 0
C 592 0.1 3.9158149 8.0738 8.3892528 4.9158149 8.0738 8.3892528 0
C 593 0.1 2.8132737 0.73014772 8.7030704 3.8132737 0.73014772 8.7030704 0
C 594 0.1 5.9647966 0.90316543 9.2235629 6.9647966 0.90316543 9.2235629 0
C 595 0.1 5.4547904 4.6426883 7.5655056 6.4547904 4.6426883 7.5655056 0
C 596 0.1 9.4985642 9.767656 0.15865136 10.498564 9.767656 0.15865136 0
C 597 0.1 1.7506854 7.1578169 6.3073148 2.7506854 7.1578169 6.3073148 0
C 598 0.1 6.361477 9.9240055 4.5871487 7.361477 9.9240055 4.5871487 0
C 599 0.1 1.3256171 2.1222194 3.9572377 2.3256171 2.1222194 3.9572377 0
C 600 0.1 2.1009405 9.7360162 0.32201417 3.1009405 9.7360162 0.32201417 0
C 601 0.1 6.6156193 8.605495 2.578309 7.6156193 8.605495 2.578309 0
C 602 0.1 8.7190588 4.6757195 7.7162849 9.7189942 4.6813869 7.7261436 0
C 603 0.1 2.375893 2.1887396 9.8435692 3.375893 2.1887396 9.8435692 0
C 604 0.1 0.42300562 7.7751316 4.0588446 1.4230056 7.7751316 4.0588446 0
C 605 0.1 2.6857925 7.2687841 1.7493716 3.6857925 7.2687841 1.7493716 0
C 606 0.1 3.0421991 7.6230143 1.9073727 4.0421991 7.6230143 1.9073727 0
C 607 0.1 -0.46658172 8.7941659 8.8294271 0.53341828 8.7941659 8.8294271 0
C 608 0.1 3.9500657 7.1731253 2.5444841 4.9500657 7.1731253 2.5444841 0
C 609 0.1 4.4217733 0.22639706 3.8878401 5.4217733 0.22639706 3.8878401 0
C 610 0.1 2.1360483 6.7387107 9.7727994 3.1357226 6.7384921 9.7983186 0
C 611 0.1 6.0654484 4.2093913 0.27013091 7.0654484 4.2093913 0.27013091 0
C 612 0.1 2.1779509 7.8851255 3.0482369 3.1779509 7.8851255 3.0482369 0
C 613 0.1 2.299796 2.2542559 5.9818128 3.299796 2.2542559 5.9818128 0
C 614 0.1 4.3335607 6.5452695 7.6742605 5.3335607 6.5452695 7.6742605 0
C 615 0.1 0.2430914 0.1125355 3.609245 1.2430914 0.1125355 3.609245 0
C 616 0.1 -0.059491341 9.3094619 0.41970282 0.94047837 9.3130081 0.41277489 0
C 617 0.1 7.8315104 1.3586495 4.7858577 8.8315104 1.3586495 4.7858577 0
C 618 0.1 8.2847745 2.5070527 3.7934514 9.2847745 2.5070527 3.7934514 0
C 619 0.1 4.3590159 2.4526018 3.9845572 5.3576489 2.4621148 4.0359552 0
C 620 0.1 9.3581402 0.77742221 1.3324818 10.35814 0.77742221 1.3324818 0
C 621 0.1 6.396633 2.5017657 5.2035844 7.396633 2.5017657 5.2035844 0
C 622 0.1 3.8239996 7.7181711 6.8371623 4.8239996 7.7181711 6.8371623 0
C 623 0.1 7.4219621 1.6500582 9.8717691 8.4219621 1.6500582 9.8717691 0
C 624 0.1 8.6830874 9.3833829 4.2063996 9.6830874 9.3833829 4.2063996 0
C 625 0.1 1.4789373 6.1048467 2.5250678 2.4787237 6.0844153 2.5281787 0
C 626 0.1 1.4816599 3.4023299 1.6536445 2.4816599 3.4023299 1.6536445 0
C 627 0.1 9.103743 7.8134227 9.035226 10.103743 7.8134227 9.035226 0
C 628 0.1 8.7513658 5.5896555 8.4118224 9.7513416 5.5847977 8.416797 0
C 629 0.1 8.8262348 4.5766432 7.5439394 9.8261702 4.5823106 7.5537981 0
C 630 0.1 0.072741474 8.7575406 0.52163558 1.0727415 8.7575406 0.52163558 0
C 631 0.1 -0.24097433 5.3739094 1.6026638 0.75902567 5.3739094 1.6026638 0
C 632 0.1 5.3967303 9.7885592 8.522797 6.3967303 9.7885592 8.522797 0
C 633 0.1 7.2812007 9.0632838 3.0394284 8.2812007 9.0632838 3.0394284 0
C 634 0.1 7.3115629 6.4694957 5.0907156 8.3115629 6.4694957 5.0907156 0
C 635 0.1 3.452715 5.2210062 5.2406777 4.452715 5.2210062 5.2406777 0
C 636 0.1 4.1127512 3.6571679 2.6801181 5.1127512 3.6571679 2.6801181 0
C 637 0.1 5.3072098 8.372989 3.948429 6.3072098 8.372989 3.948429 0
C 638 0.1 7.5579673 0.99454573 5.9508609 8.5579673 0.99454573 5.9508609 0
C 639 0.1 9.0751445 1.15798 7.1576157 10.075145 1.15798 7.1576157 0
C 640 0.1 6.9769689 2.130785 9.696845 7.9769689 2.130785 9.696845 0
C 641 0.1 3.6595983 0.18763199 0.141138 4.6595983 0.18763199 0.141138 0
C 642 0.1 -0.22962856 2.0130939 5.2398959 0.77037144 2.0130939 5.2398959 0
C 643 0.1 1.818511 2.5810674 2.3933723 2.818511 2.5810674 2.3933723 0
C 644 0.1 2.8474494 2.8229208 0.7413678 3.8474494 2.8229208 0.7413678 0
C 645 0.1 2.128444 8.5099221 5.9305043 3.128444 8.5099221 5.9305043 0
C 646 0.1 3.7910311 2.1891143 2.9194242 4.7910311 2.1891143 2.9194242 0
C 647 0.1 8.3004871 1.7440231 0.63028975 9.3004871 1.7440231 0.63028975 0
C 648 0.1 6.0370714 0.42179399 4.1657773 7.0370714 0.42179399 4.1657773 0
C 649 0.1 2.5463104 4.91795 5.2827427 3.5463104 4.91795 5.2827427 0
C 650 0.1 6.2009309 5.0501073 1.3301039 7.2009309 5.0501073 1.3301039 0
C 651 0.1 1.1721733 0.23443154 3.2442993 2.1719761 0.23453737 3.2244415 0
C 652 0.1 0.11317158 4.2581092 7.5684808 1.1115816 4.2017649 7.5668012 0
C 653 0.1 -0.28842833 9.6894619 9.8561481 0.71157167 9.6894619 9.8561481 0
C 654 0.1 3.6677599 6.3262221 9.0070079 4.6677599 6.3262221 9.0070079 0
C 655 0.1 -0.12863376 6.369279 6.3429644 0.86985075 6.3292746 6.3807576 0
C 656 0.1 -0.059756363 8.7653392 4.007605 0.93457353 8.7827381 3.9026987 0
C 657 0.1 4.4077238 8.8967607 8.7825107 5.4077238 8.8967607 8.7825107 0
C 658 0.1 0.17416599 4.5421747 2.2490452 1.174166 4.5421747 2.2490452 0
C 659 0.1 3.8292562 0.78538546 6.2860644 4.8292562 0.78538546 6.2860644 0
C 660 0.1 -0.23690695 0.70262312 3.7591145 0.76309305 0.70262312 3.7591145 0
C 661 0.1 9.0076397 0.1924349 3.9302966 10.00764 0.1924349 3.9302966 0
C 662 0.1 -0.060961169 5.3723426 8.1844274 0.93903883 5.3723426 8.1844274 0
C 663 0.1 7.5683323 0.13058631 7.7677429 8.5683159 0.13388043 7.7724324 0
C 664 0.1 0.067021314 5.8668965 9.9195538 1.0670213 5.8668965 9.9195538 0
C 665 0.1 0.10608086 9.7089029 7.335483 1.1060809 9.7089029 7.335483 0
C 666 0.1 6.8936295 0.22286342 5.3253876 7.8933798 0.23602798 5.3073314 0
C 667 0.1 6.1829212 3.9389587 7.7126115 7.1828301 3.9283045 7.7043306 0
C 668 0.1 7.5800218 8.7951833 2.8226497 8.5800218 8.7951833 2.8226497 0
C 669 0.1 1.6733481 6.5340608 4.8101901 2.6727065 6.5682759 4.7995993 0
C 670 0.1 6.3970098 8.4579281 9.1471733 7.3970098 8.4579281 9.1471733 0
C 671 0.1 9.3961352 7.3007099 8.7775925 10.396135 7.3007099 8.7775925 0
C 672 0.1 5.2746491 2.0140656 3.970748 6.2746491 2.0140656 3.970748 0
C 673 0.1 1.8713934 5.6806402 5.4780895 2.8713934 5.6806402 5.4780895 0
C 674 0.1 1.7585635 2.0930622 9.0112656 2.7585635 2.0930622 9.0112656 0
C 675 0.1 0.98198637 1.850538 3.6337303 1.9819864 1.850538 3.6337303 0
C 676 0.1 -0.082040589 2.622028 8.5494968 0.91795941 2.622028 8.5494968 0
C 677 0.1 -0.36987686 6.6979831 5.2979552 0.63012314 6.6979831 5.2979552 0
C 678 0.1 2.4126087 3.6204205 7.7378226 3.4126087 3.6204205 7.7378226 0
C 679 0.1 1.4308516 6.0928555 6.0859713 2.4308516 6.0928555 6.0859713 0
C 680 0.1 5.1181992 8.025254 7.0622161 6.1181992 8.025254 7.0622161 0
C 681 0.1 4.1619907 9.4862837 6.0120761 5.1524812 9.5629131 5.897811 0
C 682 0.1 3.9321584 1.7742965 2.7638401 4.9321584 1.7742965 2.7638401 0
C 683 0.1 -0.23538514 4.0775501 7.5630983 0.76302485 4.0212058 7.5614187 0
C 684 0.1 6.9885316 4.1299408 0.50319214 7.9885316 4.1299408 0.50319214 0
C 685 0.1 7.1689402 3.9747651 7.0607889 8.1689402 3.9747651 7.0607889 0
C 686 0.1 8.1370981 4.6880356 9.7836938 9.1365665 4.6696223 9.756791 0
C 687 0.1 9.1229313 3.2373944 5.202148 10.122931 3.2373944 5.202148 0
C 688 0.1 6.6977901 1.5188882 5.7728504 7.6977901 1.5188882 5.7728504 0
C 689 0.1 3.6289363 2.9682606 6.9667676 4.6289363 2.9682606 6.9667676 0
C 690 0.1 1.1639067 7.6473419 4.3078391 2.1615787 7.6268383 4.3728784 0
C 691 0.1 -0.36266834 8.7929488 3.8411337 0.63166156 8.8103478 3.7362274 0
C 692 0.1 1.4367739 1.2564521 9.7039277 2.4367739 1.2564521 9.7039277 0
C 693 0.1 0.06412425 3.3669737 4.5831698 1.0612607 3.4417843 4.5721149 0
C 694 0.1 7.1828836 0.2442782 7.9295969 8.1828672 0.24757233 7.9342865 0
C 695 0.1 3.5200778 6.9811745 3.010446 4.5200778 6.9811745 3.010446 0
C 696 0.1 6.5026176 2.3851647 3.2132429 7.5026176 2.3851647 3.2132429 0
C 697 0.1 -0.33983821 7.6536652 2.8671176 0.66016179 7.6536652 2.8671176 0
C 698 0.1 8.3723297 5.1726049 6.2144775 9.3723297 5.1726049 6.2144775 0
C 699 0.1 5.1721796 9.1382873 4.5490789 6.1721721 9.1383312 4.5451944 0
C 700 0.1 8.2195253 6.0213413 9.4845304 9.2195253 6.0213413 9.4845304 0
C 701 0.1 4.9212756 8.9788615 5.6272104 5.9212756 8.9788615 5.6272104 0
C 702 0.1 9.3229633 8.9722071 4.5475334 10.322963 8.9722071 4.5475334 0
C 703 0.1 7.2381173 6.8338127 5.4403101 8.2377271 6.8165286 5.4622531 0
C 704 0.1 1.6759328 5.3353575 8.286438 2.6759328 5.3353575 8.286438 0
C 705 0.1 2.7760921 7.7988064 8.3460573 3.7760921 7.7988064 8.3460573 0
C 706 0.1 1.6401978 7.4432823 4.656563 2.639989 7.4345974 4.6380661 0
C 707 0.1 6.5744612 0.072155283 5.830042 7.5744612 0.072155283 5.830042 0
C 708 0.1 7.6443703 0.54935043 6.6857062 8.6435955 0.52584796 6.7172746 0
C 709 0.1 7.7079408 7.9229692 2.7788887 8.7079408 7.9229458 2.7785898 0
C 710 0.1 7.4971407 9.0138109 1.2031564 8.4971407 9.0138109 1.2031564 0
C 711 0.1 6.6960481 3.364904 5.1362282 7.6960481 3.364904 5.1362282 0
C 712 0.1 7.8274711 0.35552387 6.6130766 8.8274709 0.35536189 6.6125058 0
C 713 0.1 6.5222776 9.3025709 0.56934125 7.5222776 9.3025709 0.56934125 0
C 714 0.1 3.408985 6.3705706 4.2310272 4.408985 6.3705706 4.2310272 0
C 715 0.1 7.3572193 4.2404425 9.8965454 8.3572193 4.2404425 9.8965454 0
C 716 0.1 9.2327979 4.8373071 5.6115625 10.232798 4.8373071 5.6115625 0
C 717 0.1 4.8357669 5.6903797 8.2247613 5.8323642 5.6461354 8.1552185 0
C 718 0.1 -0.45360651 5.5773678 7.8561752 0.54639349 5.5773678 7.8561752 0
C 719 0.1 1.0418159 0.29491435 7.3638942 2.0418159 0.29491435 7.3638942 0
C 720 0.1 0.80731347 4.2880649 4.4796645 1.805457 4.3004132 4.420023 0
C 721 0.1 1.4696807 6.3584071 7.1873037 2.4696807 6.3584071 7.1873037 0
C 722 0.1 6.4529782 6.4594695 6.1854923 7.449779 6.4230793 6.1143301 0
C 723 0.1 2.4126483 1.2919619 7.7914505 3.4126483 1.2919619 7.7914505 0
C 724 0.1 8.7203955 6.7701746 7.8815676 9.7203955 6.7701746 7.8815676 0
C 725 0.1 7.8606806 4.2540008 6.8748161 8.8606806 4.2540008 6.8748161 0
C 726 0.1 1.5641354 6.6536848 4.975255 2.5637779 6.6352208 4.9945945 0
C 727 0.1 8.3943698 1.8241317 7.5785948 9.3943698 1.8241317 7.5785948 0
C 728 0.1 4.8411716 3.4752307 9.2326452 5.8355193 3.4244059 9.3258628 0
C 729 0.1 5.2289341 9.45826 0.65147613 6.2288204 9.4437898 0.65570262 0
C 730 0.1 1.9977879 0.03551913 2.9808944 2.9977879 0.03551913 2.9808944 0
C 731 0.1 5.1650496 5.5947515 3.8911582 6.1650496 5.5947515 3.8911582 0
C 732 0.1 1.9394058 8.6731575 5.7308348 2.9394058 8.6731575 5.7308348 0
C 733 0.1 7.227116 1.9759716 8.1158868 8.227116 1.9759716 8.1158868 0
C 734 0.1 9.1371651 5.9880677 0.55631424 10.137165 5.9880677 0.55631424 0
C 735 0.1 2.2644244 7.8070757 4.0433288 3.2581529 7.7338558 4.1278422 0
C 736 0.1 6.3774524 8.7270472 6.3760298 7.3774524 8.7270472 6.3760298 0
C 737 0.1 5.9408714 0.49268548 3.6636925 6.9402304 0.50329462 3.6978851 0
C 738 0.1 4.3444768 2.2608336 8.2080246 5.3444768 2.2608336 8.2080246 0
C 739 0.1 2.8296092 0.48575422 6.196425 3.8296092 0.48575422 6.196425 0
C 740 0.1 2.2491586 4.2932212 8.2427767 3.2491586 4.2932212 8.2427767 0
C 741 0.1 7.0848306 6.9665463 3.8805671 8.0848306 6.9665463 3.8805671 0
C 742 0.1 4.3366845 2.6291397 2.7923301 5.3260516 2.6102078 2.6481275 0
C 743 0.1 7.606645 5.4384826 6.1399759 8.606645 5.4384826 6.1399759 0
C 744 0.1 7.6411464 4.9634385 6.6584412 8.6411464 4.9634385 6.6584412 0
C 745 0.1 9.4792586 6.8346203 4.0115838 10.479259 6.8346203 4.0115838 0
C 746 0.1 7.2659811 5.4735503 6.4335916 8.2659811 5.4735503 6.4335916 0
C 747 0.1 2.9279495 2.7890471 6.6080308 3.9279495 2.7890471 6.6080308 0
C 748 0.1 8.5401714 1.1286475 8.0056335 9.5401714 1.1286475 8.0056335 0
C 749 0.1 6.6424925 0.71846967 0.95228232 7.6424925 0.71846967 0.95228232 0
C 750 0.1 3.5252398 6.947261 6.0272177 4.5252398 6.947261 6.0272177 0
C 751 0.1 5.1849583 5.571913 5.2905509 6.1849583 5.571913 5.2905509 0
C 752 0.1 0.97608731 7.3640306 4.4877743 1.9758785 7.3553457 4.4692775 0
C 753 0.1 7.6360712 9.3279352 1.788791 8.6360712 9.3279352 1.788791 0
C 754 0.1 5.0621061 6.7771942 2.5281399 6.0621061 6.7771942 2.5281399 0
C 755 0.1 3.3517145 0.21696529 2.8030854 4.3517145 0.21696529 2.8030854 0
C 756 0.1 2.4041558 9.4056069 1.2751882 3.4041558 9.4056069 1.2751882 0
C 757 0.1 6.2268625 3.784312 6.328764 7.226565 3.8078379 6.3351994 0
C 758 0.1 3.9478067 4.6205749 1.3211497 4.9478067 4.6205749 1.3211497 0
C 759 0.1 3.5735417 7.1367976 5.0537635 4.5735417 7.1367976 5.0537635 0
C 760 0.1 5.3342775 4.7375854 1.0026751 6.3339284 4.7611831 1.01456 0
C 761 0.1 4.7545698 5.8774406 4.1466266 5.7545698 5.8774406 4.1466266 0
C 762 0.1 0.062237432 6.2953796 9.5751572 1.0622374 6.2953796 9.5751572 0
C 763 0.1 -0.43851281 6.2360915 6.4687902 0.5599717 6.1960871 6.5065834 0
C 764 0.1 5.9865325 8.6649555 6.707316 6.9846145 8.7254906 6.7202708 0
C 765 0.1 8.7636454 1.1662774 9.6957798 9.7636454 1.1662774 9.6957798 0
C 766 0.1 6.7148154 1.2499614 2.5017809 7.7148154 1.2499614 2.5017809 0
C 767 0.1 1.8786573 0.38925132 8.5989234 2.8770684 0.36407084 8.548514 0
C 768 0.1 7.1292447 9.0309077 7.2152231 8.1292447 9.0309077 7.2152231 0
C 769 0.1 7.9744024 7.4554272 9.0632621 8.9744024 7.4554272 9.0632621 0
C 770 0.1 0.6897842 9.3163439 8.8163439 1.6848178 9.3303216 8.9148968 0
C 771 0.1 6.2441517 0.8880292 4.3889231 7.2441517 0.8880292 4.3889231 0
C 772 0.1 0.50631071 9.728281 9.0379795 1.5063107 9.728281 9.0379795 0
C 773 0.1 3.1357936 8.6327135 3.6585859 4.1355546 8.6329103 3.6367269 0
C 774 0.1 3.0931876 3.2368208 4.4101518 4.0931876 3.2368208 4.4101518 0
C 775 0.1 0.22404346 6.4639158 3.2337291 1.2240435 6.4639158 3.2337291 0
C 776 0.1 2.7166666 8.7845468 1.7659713 3.7164661 8.796473 1.7820595 0
C 777 0.1 0.97236971 4.7424236 6.3544385 1.9723697 4.7424236 6.3544385 0
C 778 0.1 4.6873409 3.6928987 4.2208609 5.6870018 3.6905667 4.1949252 0
C 779 0.1 3.7669002 9.9070988 1.6301507 4.7669002 9.9070988 1.6301507 0
C 780 0.1 0.37674563 2.3670326 8.2211318 1.3766516 2.3799241 8.2258016 0
C 781 0.1 0.50909073 3.9517347 5.2363056 1.5090907 3.9517347 5.2363056 0
C 782 0.1 8.0985468 9.1830409 8.3554384 9.0985468 9.1830409 8.3554384 0
C 783 0.1 5.7735951 4.2860058 4.1650964 6.7735951 4.2860058 4.1650964 0
C 784 0.1 7.2866847 1.9402788 8.7786276 8.2862483 1.9348111 8.749599 0
C 785 0.1 6.0478939 2.9847243 6.3854429 7.0478939 2.9847243 6.3854429 0
C 786 0.1 6.3677943 6.5884111 2.1066694 7.3677943 6.5884111 2.1066694 0
C 787 0.1 7.5977718 5.3459904 7.9278544 8.5977718 5.3459904 7.9278544 0
C 788 0.1 0.52934224 4.4474069 4.6789328 1.5293006 4.4558482 4.6824026 0
C 789 0.1 1.8937292 4.0450388 7.4011009 2.8937292 4.0450388 7.4011009 0
C 790 0.1 6.2088233 5.8620126 2.0448489 7.2088233 5.8620126 2.0448489 0
C 791 0.1 8.969435 6.0968391 3.8891937 9.969435 6.0968391 3.8891937 0
C 792 0.1 0.83064041 9.0025813 2.7666855 1.8306404 9.0025813 2.7666855 0
C 793 0.1 3.1393437 3.4588049 8.1795857 4.1393437 3.4588049 8.1795857 0
C 794 0.1 5.5927692 8.7617089 3.9984001 6.5927692 8.7617089 3.9984001 0
C 795 0.1 8.5180258 1.3856782 5.3730801 9.5180258 1.3856782 5.3730801 0
C 796 0.1 5.6589499 9.9488476 8.3583312 6.6589499 9.9488476 8.3583312 0
C 797 0.1 3.8454587 8.0335158 3.2265682 4.8454587 8.0335158 3.2265682 0
C 798 0.1 8.8522921 4.9211062 9.7574544 9.8514326 4.897659 9.7916365 0
C 799 0.1 1.8148848 3.0171745 5.1128467 2.8148848 3.0171745 5.1128467 0
C 800 0.1 3.6388492 7.7799542 9.6120233 4.6386696 7.7644324 9.601152 0
C 801 0.1 -0.46748814 5.8848379 1.955513 0.52709408 5.9887794 1.9570565 0
C 802 0.1 4.7135074 5.5936487 0.55725425 5.7135074 5.5936487 0.55725425 0
C 803 0.1 0.4701533 8.6759456 3.5418159 1.4701533 8.6759456 3.5418159 0
C 804 0.1 0.47761378 5.0173801 7.4560586 1.4776138 5.0173801 7.4560586 0
C 805 0.1 5.2179139 9.7477585 6.8003826 6.2170335 9.7061683 6.7948791 0
C 806 0.1 2.0046803 8.1874648 9.2752472 3.0046803 8.1874648 9.2752472 0
C 807 0.1 3.4048037 6.9011473 6.267505 4.4048037 6.9011473 6.267505 0
C 808 0.1 0.12277519 7.5012392 6.6162519 1.1227752 7.5012392 6.6162519 0
C 809 0.1 4.0546909 0.43640127 0.35038574 5.0530343 0.49270569 0.33854057 0
C 810 0.1 3.7975054 3.6718398 0.06363641 4.7975054 3.6718398 0.06363641 0
C 811 0.1 1.8254531 6.3738717 0.32941593 2.8254531 6.3738717 0.32941593 0
C 812 0.1 6.2961645 7.6383632 3.0263113 7.2961645 7.6383632 3.0263113 0
C 813 0.1 6.956397 0.16918479 7.2131234 7.956397 0.16918479 7.2131234 0
C 814 0.1 8.5032442 7.8287615 9.2954513 9.4981187 7.7425941 9.3483647 0
C 815 0.1 1.4065071 0.024135006 0.58677073 2.4065071 0.024135006 0.58677073 0
C 816 0.1 6.7625357 4.0194533 8.3179606 7.7624006 4.0165928 8.3341423 0
C 817 0.1 -0.49548701 8.3447366 0.75475273 0.50451299 8.3447366 0.75475273 0
C 818 0.1 7.1740818 5.5443408 0.057916609 8.1740818 5.5443408 0.057916609 0
C 819 0.1 5.4090863 7.528889 9.5107883 6.4089953 7.5277911 9.5242349 0
C 820 0.1 0.27549025 8.747248 5.8139336 1.2754902 8.747248 5.8139336 0
C 821 0.1 4.653643 9.669687 1.1110354 5.6535818 9.6770938 1.1192546 0
C 822 0.1 0.20684585 7.5942149 2.1495492 1.2068458 7.5942149 2.1495492 0
C 823 0.1 5.3970486 1.332483 0.37158282 6.3970486 1.332483 0.37158282 0
C 824 0.1 8.9321999 7.0299613 5.6211656 9.9321999 7.0299613 5.6211656 0
C 825 0.1 8.3845871 5.2532993 2.450314 9.3845871 5.2532993 2.450314 0
C 826 0.1 5.7164474 1.4278227 5.2329954 6.7164474 1.4278227 5.2329954 0
C 827 0.1 6.4645277 3.2350749 1.5017101 7.4645277 3.2350749 1.5017101 0
C 828 0.1 1.2367408 9.4318002 7.2031162 2.2367408 9.4318002 7.2031162 0
C 829 0.1 3.3451511 4.4962125 7.8916123 4.3451511 4.4962125 7.8916123 0
C 830 0.1 5.6019705 0.62098989 8.145269 6.6019705 0.62098989 8.145269 0
C 831 0.1 6.0827822 5.7099455 4.2003581 7.0827822 5.7099455 4.2003581 0
C 832 0.1 4.8023554 3.6428 5.785909 5.8023554 3.6428 5.785909 0
C 833 0.1 4.238498 6.2645409 0.14374721 5.238498 6.2645409 0.14374721 0
C 834 0.1 -0.30086769 9.593059 6.425526 0.69913231 9.593059 6.425526 0
C 835 0.1 1.2529281 0.5688714 8.2922039 2.2529281 0.5688714 8.2922039 0
C 836 0.1 6.1724388 6.492879 8.3255538 7.1724388 6.492879 8.3255538 0
C 837 0.1 8.3347343 6.7954997 8.9168092 9.3347343 6.7954997 8.9168092 0
C 838 0.1 0.90875854 0.67875517 1.6351042 1.9087585 0.67875517 1.6351042 0
C 839 0.1 7.6308632 1.9754327 8.9652619 8.6304268 1.969965 8.9362332 0
C 840 0.1 -0.28558206 6.7578211 0.93403637 0.71441794 6.7578211 0.93403637 0
C 841 0.1 8.8897835 2.9617214 9.0527441 9.8897835 2.9617214 9.0527441 0
C 842 0.1 -0.46476987 5.3591812 0.12595207 0.53523013 5.3591812 0.12595207 0
C 843 0.1 7.9251173 2.1960437 6.3187559 8.9205271 2.2003154 6.2231479 0
C 844 0.1 4.0022342 0.62983949 8.9855788 5.0022342 0.62983949 8.9855788 0
C 845 0.1 8.3442628 9.2362983 2.7941737 9.3442628 9.2362983 2.7941737 0
C 846 0.1 6.5402719 6.632251 7.4101467 7.5402719 6.632251 7.4101467 0
C 847 0.1 4.244827 4.0337838 5.2775726 5.244827 4.0337838 5.2775726 0
C 848 0.1 0.32237355 7.5811881 9.4253501 1.3223735 7.5811881 9.4253501 0
C 849 0.1 7.9739645 0.7200139 2.5361127 8.9739645 0.7200139 2.5361127 0
C 850 0.1 1.0698106 6.7077596 4.7954282 2.0672914 6.7397714 4.7321247 0
C 851 0.1 7.9688205 5.0696219 8.9367628 8.9688205 5.0696219 8.9367628 0
C 852 0.1 3.9186146 7.4831694 6.2433977 4.9186146 7.4831694 6.2433977 0
C 853 0.1 6.5563559 5.298103 3.353116 7.5563559 5.298103 3.353116 0
C 854 0.1 8.8054323 6.0756853 7.2644625 9.8054323 6.0756853 7.2644625 0
C 855 0.1 2.3050982 6.8066826 9.0412802 3.3050982 6.8066826 9.0412802 0
C 856 0.1 5.3362414 5.6642236 5.5568238 6.3362414 5.6642236 5.5568238 0
C 857 0.1 8.8115254 7.5683123 8.2309048 9.8114909 7.570797 8.2229845 0
C 858 0.1 7.4137505 2.0745942 7.249063 8.4137505 2.0745942 7.249063 0
C 859 0.1 5.6895895 6.2978583 9.8820966 6.6895895 6.2978583 9.8820966 0
C 860 0.1 0.93161595 0.81962165 4.79149 1.9316159 0.81962165 4.79149 0
C 861 0.1 1.7119733 3.5608904 7.1329152 2.7119733 3.5608904 7.1329152 0
C 862 0.1 -0.44579499 3.9004422 9.3081473 0.55420501 3.9004422 9.3081473 0
C 863 0.1 5.4198287 2.6555148 9.3563853 6.4198287 2.6555148 9.3563853 0
C 864 0.1 4.4091674 5.5377839 7.0165671 5.4089499 5.533124 7.0368913 0
C 865 0.1 9.2755422 8.4214098 5.711693 10.275542 8.4214098 5.711693 0
C 866 0.1 1.8102213 1.6794766 7.152029 2.8102213 1.6794766 7.152029 0
C 867 0.1 0.7213764 6.5310925 5.1036601 1.7210189 6.5126285 5.1229995 0
C 868 0.1 1.2586155 8.4265205 9.3154555 2.2586155 8.4265205 9.3154555 0
C 869 0.1 6.068376 5.0345416 8.9503944 7.068376 5.0345416 8.9503944 0
C 870 0.1 3.9618441 5.8035241 1.9565284 4.9618441 5.8035241 1.9565284 0
C 871 0.1 5.4234744 4.9716724 5.2840078 6.4217202 4.9686221 5.2248801 0
C 872 0.1 1.1241943 1.7040019 1.5166505 2.1241943 1.7040019 1.5166505 0
C 873 0.1 3.7176407 5.6181477 4.4604525 4.7176407 5.6181477 4.4604525 0
C 874 0.1 9.4267195 9.0796096 3.7074206 10.426719 9.0796096 3.7074206 0
C 875 0.1 0.39988822 3.3176915 9.4149697 1.3998882 3.3176915 9.4149697 0
C 876 0.1 1.248608 4.2559276 4.6501092 2.2465382 4.2360206 4.5889608 0
C 877 0.1 7.7293174 0.33914435 8.250492 8.7293174 0.33914435 8.250492 0
C 878 0.1 3.0684385 8.6345017 3.4600188 4.0681995 8.6346986 3.4381599 0
C 879 0.1 4.3072392 5.6097977 8.0971087 5.3027652 5.5681834 8.0122787 0
C 880 0.1 7.1509616 4.8162335 6.9432179 8.1491091 4.7563434 6.9325123 0
C 881 0.1 8.7359259 2.8471109 2.2184189 9.7359259 2.8471109 2.2184189 0
C 882 0.1 -0.2077032 8.9865114 1.3135508 0.78586166 8.8745578 1.2963683 0
C 883 0.1 5.3495312 1.0374888 8.5498196 6.3495312 1.0374888 8.5498196 0
C 884 0.1 1.7614069 5.1814436 1.976967 2.7614069 5.1814436 1.976967 0
C 885 0.1 1.5608956 4.0486626 8.4017097 2.5608956 4.0486626 8.4017097 0
C 886 0.1 8.0703485 3.6708385 9.205484 9.0703485 3.6708385 9.205484 0
C 887 0.1 1.2775721 9.2764591 4.1883894 2.2765777 9.2369175 4.2089882 0
C 888 0.1 6.5361928 4.2938267 2.0588417 7.534701 4.2853053 2.0049091 0
C 889 0.1 9.0678264 5.7232389 3.4160586 10.067826 5.7232389 3.4160586 0
C 890 0.1 7.3681883 0.39323267 5.8044224 8.3681883 0.39323267 5.8044224 0
C 891 0.1 0.047112338 1.6792501 7.5712271 1.0471123 1.6792501 7.5712271 0
C 892 0.1 6.9918591 2.2383617 0.24663192 7.9918591 2.2383617 0.24663192 0
C 893 0.1 1.4396384 2.7952178 5.5966729 2.4396384 2.7952178 5.5966729 0
C 894 0.1 5.677025 2.6426326 2.9767027 6.677025 2.6426326 2.9767027 0
C 895 0.1 4.5089632 0.84767092 3.7382478 5.5089632 0.84767092 3.7382478 0
C 896 0.1 0.92457786 0.79842038 5.2941362 1.9108573 0.96286035 5.3087097 0
C 897 0.1 4.757366 3.927218 1.3564667 5.757366 3.927218 1.3564667 0
C 898 0.1 8.5807712 4.5092576 5.1582692 9.5807712 4.5092576 5.1582692 0
C 899 0.1 8.403042 0.14927665 2.4521643 9.403042 0.14927665 2.4521643 0
C 900 0.1 1.8678196 2.8541767 1.5715887 2.8678196 2.8541767 1.5715887 0
C 901 0.1 4.8632794 3.3104425 2.0826553 5.8632794 3.3104425 2.0826553 0
C 902 0.1 3.9638417 4.274881 9.9725386 4.9638417 4.274881 9.9725386 0
C 903 0.1 6.4880519 1.1307969 0.8159081 7.4879689 1.1293393 0.82870653 0
C 904 0.1 2.0169692 9.4247882 6.7086226 3.0136086 9.4364505 6.7897018 0
C 905 0.1 6.5909065 9.688483 4.2108251 7.5909065 9.688483 4.2108251 0
C 906 0.1 3.2562485 4.0606619 5.7961927 4.2562485 4.0606619 5.7961927 0
C 907 0.1 6.3212363 6.6004492 9.9916635 7.3212363 6.6004492 9.9916635 0
C 908 0.1 2.0325473 7.6826591 4.1616541 3.0236249 7.6174671 4.2779087 0
C 909 0.1 6.315065 5.4040476 1.5078361 7.315065 5.4040476 1.5078361 0
C 910 0.1 6.4765799 8.7256824 1.3773445 7.4765799 8.7256824 1.3773445 0
C 911 0.1 -0.18314279 9.0409886 0.66543699 0.81583923 9.0122595 0.7002156 0
C 912 0.1 4.8897356 5.0284272 6.5643047 5.8897356 5.0284272 6.5643047 0
C 913 0.1 4.5763006 9.2615451 3.4360791 5.5763006 9.2615451 3.4360791 0
C 914 0.1 0.80019638 5.1368569 2.3563975 1.8001732 5.1368223 2.3495915 0
C 915 0.1 2.7226234 5.0198585 3.9030084 3.7226234 5.0198585 3.9030084 0
C 916 0.1 6.7703935 4.0525262 2.3859244 7.7703935 4.0525262 2.3859244 0
C 917 0.1 5.0393116 4.6244944 4.8901814 6.0393116 4.6244944 4.8901814 0
C 918 0.1 8.6875821 9.5974223 8.6826555 9.6875821 9.5974223 8.6826555 0
C 919 0.1 1.6890641 5.0158683 9.1283803 2.6890215 5.0249446 9.130037 0
C 920 0.1 8.161245 1.3217836 0.25680794 9.161245 1.3217836 0.25680794 0
C 921 0.1 6.7413957 6.4035867 9.308235 7.7413957 6.4035867 9.308235 0
C 922 0.1 9.0059473 9.543762 2.3455069 10.005947 9.543762 2.3455069 0
C 923 0.1 2.9502689 2.4941422 1.7444253 3.9502689 2.4941422 1.7444253 0
C 924 0.1 3.5130321 2.6185869 2.7119498 4.5023992 2.599655 2.5677473 0
C 925 0.1 1.671618 1.6817768 6.8303791 2.6712557 1.6937621 6.8062783 0
C 926 0.1 -0.096282332 4.2870533 4.8877846 0.90371767 4.2870533 4.8877846 0
C 927 0.1 9.2697436 4.2411975 4.8316296 10.269744 4.2411975 4.8316296 0
C 928 0.1 4.2189811 7.4761195 3.1790123 5.2189811 7.4761195 3.1790123 0
C 929 0.1 6.2440014 8.3070095 0.78833972 7.2440014 8.3070095 0.78833972 0
C 930 0.1 -0.1995337 6.7475727 0.51929479 0.8004663 6.7475727 0.51929479 0
C 931 0.1 1.8899118 4.2455267 5.163817 2.8899118 4.2455267 5.163817 0
C 932 0.1 8.9380188 4.00521 4.7617538 9.9380188 4.00521 4.7617538 0
C 933 0.1 9.443976 4.6289984 7.0908793 10.443959 4.6232673 7.0904382 0
C 934 0.1 2.1586981 3.3785364 3.107638 3.1586981 3.3785364 3.107638 0
C 935 0.1 7.4578969 0.0075709075 0.45501077 8.4578969 0.0075709075 0.45501077 0
C 936 0.1 8.3700054 2.1889848 6.4767469 9.3654153 2.1932565 6.3811389 0
C 937 0.1 0.90314149 7.1885728 8.4749245 1.9031415 7.1885728 8.4749245 0
C 938 0.1 2.0565169 4.9027595 8.1930759 3.0565169 4.9027595 8.1930759 0
C 939 0.1 9.3139575 5.4555591 4.9680578 10.313957 5.4555591 4.9680578 0
C 940 0.1 5.2150285 2.5324541 4.004012 6.2132579 2.4938377 3.9587716 0
C 941 0.1 6.041187 4.1225657 5.1259121 7.041187 4.1225657 5.1259121 0
C 942 0.1 9.0815312 3.4352534 9.081758 10.081531 3.4352534 9.081758 0
C 943 0.1 7.2363778 1.4932611 1.4968088 8.2363778 1.4932611 1.4968088 0
C 944 0.1 0.28086993 5.7619797 1.9536885 1.2754521 5.8659212 1.955232 0
C 945 0.1 7.3629596 4.3180309 2.2120299 8.3614678 4.3095094 2.1580973 0
C 946 0.1 -0.44759336 5.1445183 9.425292 0.55239459 5.1469434 9.4210224 0
C 947 0.1 5.2663707 2.1228405 3.7427773 6.2663707 2.1228405 3.7427773 0
C 948 0.1 0.097043229 2.2356658 6.2934184 1.0970432 2.2356658 6.2934184 0
C 949 0.1 2.1107228 4.2513589 6.3930442 3.1107228 4.2513589 6.3930442 0
C 950 0.1 9.3770464 0.6469778 6.532198 10.376846 0.65207565 6.5515752 0
C 951 0.1 2.7393182 1.5164025 1.3009572 3.7393182 1.5164025 1.3009572 0
C 952 0.1 8.0136115 6.405477 6.3618052 9.0136115 6.405477 6.3618052 0
C 953 0.1 7.90413 6.6976825 6.7762685 8.90413 6.6976825 6.7762685 0
C 954 0.1 8.5683132 8.0726452 3.0470471 9.5683132 8.0726452 3.0470471 0
C 955 0.1 1.2558262 9.0740978 4.6463681 2.2558262 9.0740978 4.6463681 0
C 956 0.1 5.0749618 3.87752 9.7800829 6.0749618 3.87752 9.7800829 0
C 957 0.1 1.5173102 5.5257592 9.8440902 2.5173102 5.5257592 9.8440902 0
C 958 0.1 2.8559395 3.6665171 3.3584214 3.8559395 3.6665171 3.3584214 0
C 959 0.1 3.9075898 6.4465141 0.52974421 4.9075898 6.4465141 0.52974421 0
C 960 0.1 9.1786216 3.4239054 8.5935445 10.178622 3.4239054 8.5935445 0
C 961 0.1 0.9112492 2.2862199 5.6712491 1.9112492 2.2862199 5.6712491 0
C 962 0.1 6.3255215 8.7621748 6.9862014 7.3255215 8.7621748 6.9862014 0
C 963 0.1 3.8578306 0.96098383 7.05079 4.8578306 0.96098383 7.05079 0
C 964 0.1 2.0199706 7.3849957 7.0515384 3.0199706 7.3849957 7.0515384 0
C 965 0.1 -0.39085062 1.6577308 9.610347 0.60914938 1.6577308 9.610347 0
C 966 0.1 0.90418542 0.98120566 2.8993233 1.9041854 0.98120566 2.8993233 0
C 967 0.1 5.7738921 4.2852499 8.4422292 6.7738921 4.2852499 8.4422292 0
C 968 0.1 0.93774931 9.9909105 7.8460932 1.9377493 9.9909105 7.8460932 0
C 969 0.1 6.3436969 2.6026152 1.9319665 7.3436969 2.6026152 1.9319665 0
C 970 0.1 4.3794411 9.8850759 8.2641773 5.3794411 9.8850759 8.2641773 0
C 971 0.1 6.4311894 6.7613712 7.8095352 7.4311894 6.7613712 7.8095352 0
C 972 0.1 3.4012577 3.7545536 6.1854552 4.4012577 3.7545536 6.1854552 0
C 973 0.1 6.3592892 5.7606306 7.0565495 7.3592892 5.7606306 7.0565495 0
C 974 0.1 1.9461135 3.7126633 3.7055305 2.9456819 3.7180672 3.6766534 0
C 975 0.1 8.1533811 4.8651194 9.9012751 9.1490458 4.7756445 9.9266922 0
C 976 0.1 6.3382317 3.1555811 8.8554337 7.3382317 3.1555811 8.8554337 0
C 977 0.1 0.9288396 1.090473 1.0154116 1.9288396 1.090473 1.0154116 0
C 978 0.1 8.4054559 8.2464689 9.1687727 9.4054559 8.2464689 9.1687727 0
C 979 0.1 5.3968539 5.1045422 9.4920285 6.3968539 5.1045422 9.4920285 0
C 980 0.1 1.7940816 2.8023743 2.5025534 2.7940816 2.8023743 2.5025534 0
C 981 0.1 5.0459227 1.3388771 2.9042465 6.0459227 1.3388771 2.9042465 0
C 982 0.1 4.5095624 9.8025162 1.2584332 5.5095012 9.809923 1.2666524 0
C 983 0.1 4.3969835 4.7861849 8.99108 5.3969835 4.7861849 8.99108 0
C 984 0.1 4.8905383 5.7138349 8.419865 5.8889064 5.7038321 8.3636417 0
C 985 0.1 2.5745349 9.9854234 1.2843544 3.5745349 9.9854234 1.2843544 0
C 986 0.1 5.2131473 8.0522513 8.2926325 6.2115994 8.0980192 8.3242353 0
C 987 0.1 4.7581829 0.28003611 0.38328141 5.7565263 0.33634053 0.37143624 0
C 988 0.1 3.7810323 9.7337826 3.1772582 4.7810323 9.7337826 3.1772582 0
C 989 0.1 6.5511001 0.87070459 7.0424315 7.5511001 0.87070459 7.0424315 0
C 990 0.1 8.9210318 2.4638825 8.1811915 9.9210318 2.4638825 8.1811915 0
C 991 0.1 7.0725415 5.6043931 2.8790863 8.0725415 5.6043931 2.8790863 0
C 992 0.1 0.81190888 7.4318385 3.038258 1.8119089 7.4318385 3.038258 0
C 993 0.1 8.9863669 3.6882119 8.0817417 9.9861168 3.6961608 8.1026461 0
C 994 0.1 9.0888335 6.3617543 2.9197898 10.088833 6.3617543 2.9197898 0
C 995 0.1 9.0421471 9.0128272 5.5582101 10.042147 9.0128272 5.5582101 0
C 996 0.1 1.79097 7.9843507 7.5829682 2.79097 7.9843507 7.5829682 0
C 997 0.1 8.1784324 2.1695666 1.1036858 9.1784324 2.1695666 1.1036858 0
C 998 0.1 4.4813953 2.2168947 1.3835074 5.4813953 2.2168947 1.3835074 0
C 999 0.1 2.8438476 5.6852991 2.6407901 3.8438476 5.6852991 2.6407901 0
